1.3000000000000003 0.0
1.3031816608676106 0.09834239356422789
1.2973272076002937 0.19866055107843655
1.2818776345240463 0.300243354949116
1.2563903320576566 0.4022971803919795
1.220563686345869 0.5039605062263023
1.1742582954602916 0.6043231760891
1.117513066307112 0.7024496922017059
1.0505546553583274 0.7974055075231341
0.9737991068825538 0.8882849209524709
0.888284920952471 0.9737991068825536
0.7974055075231344 1.0505546553583271
0.7024496922017058 1.1175130663071118
0.6043231760891 1.1742582954602916
0.5039605062263025 1.2205636863458693
0.4022971803919795 1.2563903320576568
0.30024335494911625 1.2818776345240463
0.19866055107843655 1.2973272076002937
0.098342393564228 1.3031816608676108
0.0 1.3000000000000003
