1.6 0.0
1.6064577052715365 0.13226075870196236
1.601738925568789 0.26479655228749466
1.5852884306983979 0.3967529284712466
1.556669972103875 0.5272263726623643
1.5155853752027695 0.6552806935202808
1.4618906347146539 0.7799659597091512
1.3956079577821368 0.90033932699014
1.3169328528668682 1.015486907392879
1.226235605744307 1.1245456954367632
1.1245456954367632 1.226235605744307
1.0154869073928792 1.316932852866868
0.90033932699014 1.3956079577821365
0.7799659597091512 1.4618906347146539
0.655280693520281 1.5155853752027693
0.5272263726623643 1.556669972103875
0.3967529284712468 1.585288430698398
0.26479655228749466 1.601738925568789
0.1322607587019625 1.606457705271537
0.0 1.6
