0.9558646988207047 0.29383518113127605
1.1179521703102553 0.33620147846936166
1.2782686976919535 0.3874015841598581
1.437133403762096 0.4472630297800485
1.5948486460279878 0.515648461513116
1.751702426797562 0.5924533045581162
1.9079705607552013 0.6776038162066406
2.0639186387587483 0.7710554827987505
2.2198038210437634 0.8727917238112479
2.3758764884947374 0.982822873107672
2.532381776955296 1.101185413147059
2.6895610165552863 1.2279414429137274
2.847653095617456 1.3631783646612456
3.00689576677981 1.507008778398979
3.167526911460959 1.6595705765052797
3.329785777649758 1.8210272340263416
3.493914205175382 1.9915682931999914
3.6601578520787634 2.1714100436060466
3.8287674354394206 2.3607964021598247
4.0 2.5600000000000005
