2.8 0.0
2.8033278752208877 0.37714553602933093
2.7954562893757275 0.7262267322905698
2.776256370107963 1.0463390740227774
2.745633047200639 1.3366553900430145
2.7035261806976885 1.5964316571704062
2.6499114347355706 1.82501226378751
2.58480088167986 2.021834661827891
2.5082433248128155 2.186433343922749
2.4203243317815923 2.3184430912719773
2.3184430912719773 2.420324331781592
2.1864333439227495 2.5082433248128146
2.021834661827891 2.5848008816798598
1.82501226378751 2.64991143473557
1.5964316571704067 2.703526180697689
1.3366553900430145 2.745633047200639
1.0463390740227778 2.7762563701079626
0.7262267322905698 2.7954562893757284
0.3771455360293313 2.8033278752208877
0.0 2.8
