0.1449346350032091 0.9894436374691754
0.1654549257500868 1.1526500466800933
0.1913955018418332 1.3144589115659984
0.2226936527601615 1.4750397297584497
0.25929766031890783 1.6345562946380494
0.30116637060865775 1.7931673291394263
0.34826882568397594 1.9510270785711445
0.4005839507529914 2.108285867489937
0.45810029324227114 2.2650906251897793
0.5208158106606814 2.4215853839545542
0.5887377046842154 2.577911753870233
0.6618822993381616 2.734209377691631
0.7402749615710731 2.890616369004121
0.8239500629034612 3.0472697367072668
0.9129509811989687 3.204305798671272
1.007330141952419 3.3618605872749803
1.1071490988225456 3.5200702494233527
1.2124786534620724 3.679071443560791
1.3233990150185244 3.839001736142664
1.44 4.0
