3.7 0.0
3.699015229355391 0.6758056158403173
3.6943946391973483 1.2805979727943912
3.686135846406634 1.814262824123843
3.6742371744421383 2.276699670904069
3.6586976546886705 2.6678218102949476
3.6395170274614954 2.9875563771503555
3.6166957426664843 3.235844378929011
3.590234960115031 3.412640723875217
3.5601365494932 3.5179142424441494
3.5179142424441494 3.5601365494931994
3.412640723875217 3.590234960115031
3.235844378929011 3.6166957426664843
2.9875563771503555 3.6395170274614954
2.6678218102949485 3.658697654688671
2.276699670904069 3.6742371744421387
1.814262824123844 3.686135846406634
1.2805979727943912 3.6943946391973483
0.675805615840318 3.699015229355391
0.0 3.7
