0.29383518113127605 0.9558646988207048
0.3362014784693616 1.1179521703102555
0.387401584159858 1.2782686976919535
0.44726302978004834 1.437133403762096
0.5156484615131159 1.5948486460279876
0.5924533045581158 1.7517024267975623
0.6776038162066405 1.9079705607552016
0.7710554827987504 2.0639186387587483
0.8727917238112477 2.219803821043763
0.9828228731076719 2.3758764884947374
1.1011854131470589 2.532381776955296
1.2279414429137272 2.689561016555286
1.3631783646612452 2.847653095617456
1.5070087783989787 3.00689576677981
1.6595705765052793 3.1675269114609588
1.8210272340263414 3.3297857776497586
1.9915682931999912 3.4939142051753818
2.1714100436060466 3.660157852078763
2.3607964021598242 3.8287674354394206
2.5599999999999996 4.0
