2.5 0.0
2.5054491959031693 0.2995963889310557
2.4985012179008956 0.5814870075590747
2.478927194405898 0.8446208296230671
2.4465555227474054 1.088014173121039
2.4012749749110487 1.310760879481799
2.3430371462048254 1.5120418512687195
2.271858180500048 1.6911337576110745
2.187819720277792 1.84741672909782
2.0910690464142787 1.9803808822852937
1.980380882285294 2.0910690464142787
1.8474167290978203 2.187819720277792
1.6911337576110748 2.271858180500048
1.5120418512687195 2.343037146204826
1.310760879481799 2.4012749749110482
1.088014173121039 2.446555522747405
0.8446208296230672 2.4789271944058973
0.5814870075590748 2.498501217900896
0.29959638893105606 2.5054491959031693
0.0 2.5
