0.8138357286469581 0.5811303894556556
0.9524509542370737 0.6712141982312871
1.0926391850068946 0.7701499466338367
1.2346927181901404 0.8777924126047146
1.3788964398307593 0.9940493828359911
1.5255307416650652 1.1188771889956812
1.6748741484250598 1.2522772080316527
1.827205726991637 1.394293179645936
1.9828073368311905 1.5450092271329616
2.1419657721556344 1.704548494057858
2.304974839590836 1.8730723304329013
2.472137410339956 2.0507799794221206
2.64376748253802 2.2379087301494067
2.820192287464203 2.434734514666635
3.0017544723379688 2.6415729381593254
3.188814392464243 2.858780741519607
3.381752546451512 3.086757704913891
3.5809721900884637 3.3259490102792326
3.7869021672526153 3.576848090132907
4.0 3.84
