0.897380231327763 0.44129237056226517
1.0513769367797388 0.5068436819893908
1.2045413048935154 0.582406357997932
1.3572489167698152 0.6677572935103688
1.509854486719483 0.7627279120056256
1.6626957086525846 0.8671996506086328
1.8160966509568526 0.9811003008620472
1.9703707860413515 1.1044010836086757
2.1258237261038877 1.2371143613861626
2.282755725225866 1.3792919119570153
2.441463998934546 1.5310237031706657
2.602244905393583 1.692437123129796
2.7653960270056372 1.8636966312726926
2.931218187147298 2.0450038060103197
3.10001743379071 2.236597773392012
3.2721070197389213 2.4387560092629412
3.44780940799951 2.651795514811815
3.627458330367149 2.876074372543356
3.811400927535913 3.1119936967779913
4.0 3.3599999999999994
