0.9894436374691754 0.14493463500320913
1.1526500466800933 0.16545492575008686
1.3144589115659986 0.19139550184183327
1.47503972975845 0.22269365276016156
1.6345562946380494 0.2592976603189079
1.7931673291394266 0.3011663706086579
1.9510270785711445 0.34826882568397605
2.1082858674899367 0.40058395075299147
2.265090625189779 0.45810029324227125
2.4215853839545542 0.5208158106606815
2.577911753870233 0.5887377046842155
2.734209377691631 0.6618822993381617
2.8906163690041207 0.7402749615710733
3.0472697367072663 0.8239500629034614
3.204305798671273 0.9129509811989689
3.3618605872749803 1.0073301419524194
3.520070249423353 1.1071490988225459
3.679071443560791 1.212478653462073
3.839001736142664 1.3233990150185249
4.0 1.4400000000000002
