x N0 N1 N2 N3 N4 N5 N6
0 1 0 0 0 0 0 0 
0.002 0.9801 0.01985 5e-05 0 0 0 0 
0.004 0.9604 0.0394 0.0002 0 0 0 0 
0.006 0.9409 0.05865 0.00045 0 0 0 0 
0.008 0.9216 0.0776 0.0008 0 0 0 0 
0.01 0.9025 0.09625 0.00125 0 0 0 0 
0.012 0.8836 0.1146 0.0018 0 0 0 0 
0.014 0.8649 0.13265 0.00245 0 0 0 0 
0.016 0.8464 0.1504 0.0032 0 0 0 0 
0.018 0.8281 0.16785 0.00405 0 0 0 0 
0.02 0.81 0.185 0.005 0 0 0 0 
0.022 0.7921 0.20185 0.00605 0 0 0 0 
0.024 0.7744 0.2184 0.0072 0 0 0 0 
0.026 0.7569 0.23465 0.00845 0 0 0 0 
0.028 0.7396 0.2506 0.0098 0 0 0 0 
0.03 0.7225 0.26625 0.01125 0 0 0 0 
0.032 0.7056 0.2816 0.0128 0 0 0 0 
0.034 0.6889 0.29665 0.01445 0 0 0 0 
0.036 0.6724 0.3114 0.0162 0 0 0 0 
0.038 0.6561 0.32585 0.01805 0 0 0 0 
0.04 0.64 0.34 0.02 0 0 0 0 
0.042 0.6241 0.35385 0.02205 0 0 0 0 
0.044 0.6084 0.3674 0.0242 0 0 0 0 
0.046 0.5929 0.38065 0.02645 0 0 0 0 
0.048 0.5776 0.3936 0.0288 0 0 0 0 
0.05 0.5625 0.40625 0.03125 0 0 0 0 
0.052 0.5476 0.4186 0.0338 0 0 0 0 
0.054 0.5329 0.43065 0.03645 0 0 0 0 
0.056 0.5184 0.4424 0.0392 0 0 0 0 
0.058 0.5041 0.45385 0.04205 0 0 0 0 
0.06 0.49 0.465 0.045 0 0 0 0 
0.062 0.4761 0.47585 0.04805 0 0 0 0 
0.064 0.4624 0.4864 0.0512 0 0 0 0 
0.066 0.4489 0.49665 0.05445 0 0 0 0 
0.068 0.4356 0.5066 0.0578 0 0 0 0 
0.07 0.4225 0.51625 0.06125 0 0 0 0 
0.072 0.4096 0.5256 0.0648 0 0 0 0 
0.074 0.3969 0.53465 0.06845 0 0 0 0 
0.076 0.3844 0.5434 0.0722 0 0 0 0 
0.078 0.3721 0.55185 0.07605 0 0 0 0 
0.08 0.36 0.56 0.08 0 0 0 0 
0.082 0.3481 0.56785 0.08405 0 0 0 0 
0.084 0.3364 0.5754 0.0882 0 0 0 0 
0.086 0.3249 0.58265 0.09245 0 0 0 0 
0.088 0.3136 0.5896 0.0968 0 0 0 0 
0.09 0.3025 0.59625 0.10125 0 0 0 0 
0.092 0.2916 0.6026 0.1058 0 0 0 0 
0.094 0.2809 0.60865 0.11045 0 0 0 0 
0.096 0.2704 0.6144 0.1152 0 0 0 0 
0.098 0.2601 0.61985 0.12005 0 0 0 0 
0.1 0.25 0.625 0.125 0 0 0 0 
0.102 0.2401 0.62985 0.13005 0 0 0 0 
0.104 0.2304 0.6344 0.1352 0 0 0 0 
0.106 0.2209 0.63865 0.14045 0 0 0 0 
0.108 0.2116 0.6426 0.1458 0 0 0 0 
0.11 0.2025 0.64625 0.15125 0 0 0 0 
0.112 0.1936 0.6496 0.1568 0 0 0 0 
0.114 0.1849 0.65265 0.16245 0 0 0 0 
0.116 0.1764 0.6554 0.1682 0 0 0 0 
0.118 0.1681 0.65785 0.17405 0 0 0 0 
0.12 0.16 0.66 0.18 0 0 0 0 
0.122 0.1521 0.66185 0.18605 0 0 0 0 
0.124 0.1444 0.6634 0.1922 0 0 0 0 
0.126 0.1369 0.66465 0.19845 0 0 0 0 
0.128 0.1296 0.6656 0.2048 0 0 0 0 
0.13 0.1225 0.66625 0.21125 0 0 0 0 
0.132 0.1156 0.6666 0.2178 0 0 0 0 
0.134 0.1089 0.66665 0.22445 0 0 0 0 
0.136 0.1024 0.6664 0.2312 0 0 0 0 
0.138 0.0961 0.66585 0.23805 0 0 0 0 
0.14 0.09 0.665 0.245 0 0 0 0 
0.142 0.0841 0.66385 0.25205 0 0 0 0 
0.144 0.0784 0.6624 0.2592 0 0 0 0 
0.146 0.0729 0.66065 0.26645 0 0 0 0 
0.148 0.0676 0.6586 0.2738 0 0 0 0 
0.15 0.0625 0.65625 0.28125 0 0 0 0 
0.152 0.0576 0.6536 0.2888 0 0 0 0 
0.154 0.0529 0.65065 0.29645 0 0 0 0 
0.156 0.0484 0.6474 0.3042 0 0 0 0 
0.158 0.0441 0.64385 0.31205 0 0 0 0 
0.16 0.04 0.64 0.32 0 0 0 0 
0.162 0.0361 0.63585 0.32805 0 0 0 0 
0.164 0.0324 0.6314 0.3362 0 0 0 0 
0.166 0.0289 0.62665 0.34445 0 0 0 0 
0.168 0.0256 0.6216 0.3528 0 0 0 0 
0.17 0.0225 0.61625 0.36125 0 0 0 0 
0.172 0.0196 0.6106 0.3698 0 0 0 0 
0.174 0.0169 0.60465 0.37845 0 0 0 0 
0.176 0.0144 0.5984 0.3872 0 0 0 0 
0.178 0.0121 0.59185 0.39605 0 0 0 0 
0.18 0.01 0.585 0.405 0 0 0 0 
0.182 0.0081 0.57785 0.41405 0 0 0 0 
0.184 0.0064 0.5704 0.4232 0 0 0 0 
0.186 0.0049 0.56265 0.43245 0 0 0 0 
0.188 0.0036 0.5546 0.4418 0 0 0 0 
0.19 0.0025 0.54625 0.45125 0 0 0 0 
0.192 0.0016 0.5376 0.4608 0 0 0 0 
0.194 0.0009 0.52865 0.47045 0 0 0 0 
0.196 0.0004 0.5194 0.4802 0 0 0 0 
0.198 0.0001 0.50985 0.49005 0 0 0 0 
0.2 0 0.5 0.5 0 0 0 0 
0.202 0 0.49005 0.5099 5e-05 0 0 0 
0.204 0 0.4802 0.5196 0.0002 0 0 0 
0.206 0 0.47045 0.5291 0.00045 0 0 0 
0.208 0 0.4608 0.5384 0.0008 0 0 0 
0.21 0 0.45125 0.5475 0.00125 0 0 0 
0.212 0 0.4418 0.5564 0.0018 0 0 0 
0.214 0 0.43245 0.5651 0.00245 0 0 0 
0.216 0 0.4232 0.5736 0.0032 0 0 0 
0.218 0 0.41405 0.5819 0.00405 0 0 0 
0.22 0 0.405 0.59 0.005 0 0 0 
0.222 0 0.39605 0.5979 0.00605 0 0 0 
0.224 0 0.3872 0.6056 0.0072 0 0 0 
0.226 0 0.37845 0.6131 0.00845 0 0 0 
0.228 0 0.3698 0.6204 0.0098 0 0 0 
0.23 0 0.36125 0.6275 0.01125 0 0 0 
0.232 0 0.3528 0.6344 0.0128 0 0 0 
0.234 0 0.34445 0.6411 0.01445 0 0 0 
0.236 0 0.3362 0.6476 0.0162 0 0 0 
0.238 0 0.32805 0.6539 0.01805 0 0 0 
0.24 0 0.32 0.66 0.02 0 0 0 
0.242 0 0.31205 0.6659 0.02205 0 0 0 
0.244 0 0.3042 0.6716 0.0242 0 0 0 
0.246 0 0.29645 0.6771 0.02645 0 0 0 
0.248 0 0.2888 0.6824 0.0288 0 0 0 
0.25 0 0.28125 0.6875 0.03125 0 0 0 
0.252 0 0.2738 0.6924 0.0338 0 0 0 
0.254 0 0.26645 0.6971 0.03645 0 0 0 
0.256 0 0.2592 0.7016 0.0392 0 0 0 
0.258 0 0.25205 0.7059 0.04205 0 0 0 
0.26 0 0.245 0.71 0.045 0 0 0 
0.262 0 0.23805 0.7139 0.04805 0 0 0 
0.264 0 0.2312 0.7176 0.0512 0 0 0 
0.266 0 0.22445 0.7211 0.05445 0 0 0 
0.268 0 0.2178 0.7244 0.0578 0 0 0 
0.27 0 0.21125 0.7275 0.06125 0 0 0 
0.272 0 0.2048 0.7304 0.0648 0 0 0 
0.274 0 0.19845 0.7331 0.06845 0 0 0 
0.276 0 0.1922 0.7356 0.0722 0 0 0 
0.278 0 0.18605 0.7379 0.07605 0 0 0 
0.28 0 0.18 0.74 0.08 0 0 0 
0.282 0 0.17405 0.7419 0.08405 0 0 0 
0.284 0 0.1682 0.7436 0.0882 0 0 0 
0.286 0 0.16245 0.7451 0.09245 0 0 0 
0.288 0 0.1568 0.7464 0.0968 0 0 0 
0.29 0 0.15125 0.7475 0.10125 0 0 0 
0.292 0 0.1458 0.7484 0.1058 0 0 0 
0.294 0 0.14045 0.7491 0.11045 0 0 0 
0.296 0 0.1352 0.7496 0.1152 0 0 0 
0.298 0 0.13005 0.7499 0.12005 0 0 0 
0.3 0 0.125 0.75 0.125 0 0 0 
0.302 0 0.12005 0.7499 0.13005 0 0 0 
0.304 0 0.1152 0.7496 0.1352 0 0 0 
0.306 0 0.11045 0.7491 0.14045 0 0 0 
0.308 0 0.1058 0.7484 0.1458 0 0 0 
0.31 0 0.10125 0.7475 0.15125 0 0 0 
0.312 0 0.0968 0.7464 0.1568 0 0 0 
0.314 0 0.09245 0.7451 0.16245 0 0 0 
0.316 0 0.0882 0.7436 0.1682 0 0 0 
0.318 0 0.08405 0.7419 0.17405 0 0 0 
0.32 0 0.08 0.74 0.18 0 0 0 
0.322 0 0.07605 0.7379 0.18605 0 0 0 
0.324 0 0.0722 0.7356 0.1922 0 0 0 
0.326 0 0.06845 0.7331 0.19845 0 0 0 
0.328 0 0.0648 0.7304 0.2048 0 0 0 
0.33 0 0.06125 0.7275 0.21125 0 0 0 
0.332 0 0.0578 0.7244 0.2178 0 0 0 
0.334 0 0.05445 0.7211 0.22445 0 0 0 
0.336 0 0.0512 0.7176 0.2312 0 0 0 
0.338 0 0.04805 0.7139 0.23805 0 0 0 
0.34 0 0.045 0.71 0.245 0 0 0 
0.342 0 0.04205 0.7059 0.25205 0 0 0 
0.344 0 0.0392 0.7016 0.2592 0 0 0 
0.346 0 0.03645 0.6971 0.26645 0 0 0 
0.348 0 0.0338 0.6924 0.2738 0 0 0 
0.35 0 0.03125 0.6875 0.28125 0 0 0 
0.352 0 0.0288 0.6824 0.2888 0 0 0 
0.354 0 0.02645 0.6771 0.29645 0 0 0 
0.356 0 0.0242 0.6716 0.3042 0 0 0 
0.358 0 0.02205 0.6659 0.31205 0 0 0 
0.36 0 0.02 0.66 0.32 0 0 0 
0.362 0 0.01805 0.6539 0.32805 0 0 0 
0.364 0 0.0162 0.6476 0.3362 0 0 0 
0.366 0 0.01445 0.6411 0.34445 0 0 0 
0.368 0 0.0128 0.6344 0.3528 0 0 0 
0.37 0 0.01125 0.6275 0.36125 0 0 0 
0.372 0 0.0098 0.6204 0.3698 0 0 0 
0.374 0 0.00845 0.6131 0.37845 0 0 0 
0.376 0 0.0072 0.6056 0.3872 0 0 0 
0.378 0 0.00605 0.5979 0.39605 0 0 0 
0.38 0 0.005 0.59 0.405 0 0 0 
0.382 0 0.00405 0.5819 0.41405 0 0 0 
0.384 0 0.0032 0.5736 0.4232 0 0 0 
0.386 0 0.00245 0.5651 0.43245 0 0 0 
0.388 0 0.0018 0.5564 0.4418 0 0 0 
0.39 0 0.00125 0.5475 0.45125 0 0 0 
0.392 0 0.0008 0.5384 0.4608 0 0 0 
0.394 0 0.00045 0.5291 0.47045 0 0 0 
0.396 0 0.0002 0.5196 0.4802 0 0 0 
0.398 0 5e-05 0.5099 0.49005 0 0 0 
0.4 0 0 0.5 0.5 0 0 0 
0.402 0 0 0.49005 0.5099 5e-05 0 0 
0.404 0 0 0.4802 0.5196 0.0002 0 0 
0.406 0 0 0.47045 0.5291 0.00045 0 0 
0.408 0 0 0.4608 0.5384 0.0008 0 0 
0.41 0 0 0.45125 0.5475 0.00125 0 0 
0.412 0 0 0.4418 0.5564 0.0018 0 0 
0.414 0 0 0.43245 0.5651 0.00245 0 0 
0.416 0 0 0.4232 0.5736 0.0032 0 0 
0.418 0 0 0.41405 0.5819 0.00405 0 0 
0.42 0 0 0.405 0.59 0.005 0 0 
0.422 0 0 0.39605 0.5979 0.00605 0 0 
0.424 0 0 0.3872 0.6056 0.0072 0 0 
0.426 0 0 0.37845 0.6131 0.00845 0 0 
0.428 0 0 0.3698 0.6204 0.0098 0 0 
0.43 0 0 0.36125 0.6275 0.01125 0 0 
0.432 0 0 0.3528 0.6344 0.0128 0 0 
0.434 0 0 0.34445 0.6411 0.01445 0 0 
0.436 0 0 0.3362 0.6476 0.0162 0 0 
0.438 0 0 0.32805 0.6539 0.01805 0 0 
0.44 0 0 0.32 0.66 0.02 0 0 
0.442 0 0 0.31205 0.6659 0.02205 0 0 
0.444 0 0 0.3042 0.6716 0.0242 0 0 
0.446 0 0 0.29645 0.6771 0.02645 0 0 
0.448 0 0 0.2888 0.6824 0.0288 0 0 
0.45 0 0 0.28125 0.6875 0.03125 0 0 
0.452 0 0 0.2738 0.6924 0.0338 0 0 
0.454 0 0 0.26645 0.6971 0.03645 0 0 
0.456 0 0 0.2592 0.7016 0.0392 0 0 
0.458 0 0 0.25205 0.7059 0.04205 0 0 
0.46 0 0 0.245 0.71 0.045 0 0 
0.462 0 0 0.23805 0.7139 0.04805 0 0 
0.464 0 0 0.2312 0.7176 0.0512 0 0 
0.466 0 0 0.22445 0.7211 0.05445 0 0 
0.468 0 0 0.2178 0.7244 0.0578 0 0 
0.47 0 0 0.21125 0.7275 0.06125 0 0 
0.472 0 0 0.2048 0.7304 0.0648 0 0 
0.474 0 0 0.19845 0.7331 0.06845 0 0 
0.476 0 0 0.1922 0.7356 0.0722 0 0 
0.478 0 0 0.18605 0.7379 0.07605 0 0 
0.48 0 0 0.18 0.74 0.08 0 0 
0.482 0 0 0.17405 0.7419 0.08405 0 0 
0.484 0 0 0.1682 0.7436 0.0882 0 0 
0.486 0 0 0.16245 0.7451 0.09245 0 0 
0.488 0 0 0.1568 0.7464 0.0968 0 0 
0.49 0 0 0.15125 0.7475 0.10125 0 0 
0.492 0 0 0.1458 0.7484 0.1058 0 0 
0.494 0 0 0.14045 0.7491 0.11045 0 0 
0.496 0 0 0.1352 0.7496 0.1152 0 0 
0.498 0 0 0.13005 0.7499 0.12005 0 0 
0.5 0 0 0.125 0.75 0.125 0 0 
0.502 0 0 0.12005 0.7499 0.13005 0 0 
0.504 0 0 0.1152 0.7496 0.1352 0 0 
0.506 0 0 0.11045 0.7491 0.14045 0 0 
0.508 0 0 0.1058 0.7484 0.1458 0 0 
0.51 0 0 0.10125 0.7475 0.15125 0 0 
0.512 0 0 0.0968 0.7464 0.1568 0 0 
0.514 0 0 0.09245 0.7451 0.16245 0 0 
0.516 0 0 0.0882 0.7436 0.1682 0 0 
0.518 0 0 0.08405 0.7419 0.17405 0 0 
0.52 0 0 0.08 0.74 0.18 0 0 
0.522 0 0 0.07605 0.7379 0.18605 0 0 
0.524 0 0 0.0722 0.7356 0.1922 0 0 
0.526 0 0 0.06845 0.7331 0.19845 0 0 
0.528 0 0 0.0648 0.7304 0.2048 0 0 
0.53 0 0 0.06125 0.7275 0.21125 0 0 
0.532 0 0 0.0578 0.7244 0.2178 0 0 
0.534 0 0 0.05445 0.7211 0.22445 0 0 
0.536 0 0 0.0512 0.7176 0.2312 0 0 
0.538 0 0 0.04805 0.7139 0.23805 0 0 
0.54 0 0 0.045 0.71 0.245 0 0 
0.542 0 0 0.04205 0.7059 0.25205 0 0 
0.544 0 0 0.0392 0.7016 0.2592 0 0 
0.546 0 0 0.03645 0.6971 0.26645 0 0 
0.548 0 0 0.0338 0.6924 0.2738 0 0 
0.55 0 0 0.03125 0.6875 0.28125 0 0 
0.552 0 0 0.0288 0.6824 0.2888 0 0 
0.554 0 0 0.02645 0.6771 0.29645 0 0 
0.556 0 0 0.0242 0.6716 0.3042 0 0 
0.558 0 0 0.02205 0.6659 0.31205 0 0 
0.56 0 0 0.02 0.66 0.32 0 0 
0.562 0 0 0.01805 0.6539 0.32805 0 0 
0.564 0 0 0.0162 0.6476 0.3362 0 0 
0.566 0 0 0.01445 0.6411 0.34445 0 0 
0.568 0 0 0.0128 0.6344 0.3528 0 0 
0.57 0 0 0.01125 0.6275 0.36125 0 0 
0.572 0 0 0.0098 0.6204 0.3698 0 0 
0.574 0 0 0.00845 0.6131 0.37845 0 0 
0.576 0 0 0.0072 0.6056 0.3872 0 0 
0.578 0 0 0.00605 0.5979 0.39605 0 0 
0.58 0 0 0.005 0.59 0.405 0 0 
0.582 0 0 0.00405 0.5819 0.41405 0 0 
0.584 0 0 0.0032 0.5736 0.4232 0 0 
0.586 0 0 0.00245 0.5651 0.43245 0 0 
0.588 0 0 0.0018 0.5564 0.4418 0 0 
0.59 0 0 0.00125 0.5475 0.45125 0 0 
0.592 0 0 0.0008 0.5384 0.4608 0 0 
0.594 0 0 0.00045 0.5291 0.47045 0 0 
0.596 0 0 0.0002 0.5196 0.4802 0 0 
0.598 0 0 5e-05 0.5099 0.49005 0 0 
0.6 0 0 0 0.5 0.5 0 0 
0.602 0 0 0 0.49005 0.5099 5e-05 0 
0.604 0 0 0 0.4802 0.5196 0.0002 0 
0.606 0 0 0 0.47045 0.5291 0.00045 0 
0.608 0 0 0 0.4608 0.5384 0.0008 0 
0.61 0 0 0 0.45125 0.5475 0.00125 0 
0.612 0 0 0 0.4418 0.5564 0.0018 0 
0.614 0 0 0 0.43245 0.5651 0.00245 0 
0.616 0 0 0 0.4232 0.5736 0.0032 0 
0.618 0 0 0 0.41405 0.5819 0.00405 0 
0.62 0 0 0 0.405 0.59 0.005 0 
0.622 0 0 0 0.39605 0.5979 0.00605 0 
0.624 0 0 0 0.3872 0.6056 0.0072 0 
0.626 0 0 0 0.37845 0.6131 0.00845 0 
0.628 0 0 0 0.3698 0.6204 0.0098 0 
0.63 0 0 0 0.36125 0.6275 0.01125 0 
0.632 0 0 0 0.3528 0.6344 0.0128 0 
0.634 0 0 0 0.34445 0.6411 0.01445 0 
0.636 0 0 0 0.3362 0.6476 0.0162 0 
0.638 0 0 0 0.32805 0.6539 0.01805 0 
0.64 0 0 0 0.32 0.66 0.02 0 
0.642 0 0 0 0.31205 0.6659 0.02205 0 
0.644 0 0 0 0.3042 0.6716 0.0242 0 
0.646 0 0 0 0.29645 0.6771 0.02645 0 
0.648 0 0 0 0.2888 0.6824 0.0288 0 
0.65 0 0 0 0.28125 0.6875 0.03125 0 
0.652 0 0 0 0.2738 0.6924 0.0338 0 
0.654 0 0 0 0.26645 0.6971 0.03645 0 
0.656 0 0 0 0.2592 0.7016 0.0392 0 
0.658 0 0 0 0.25205 0.7059 0.04205 0 
0.66 0 0 0 0.245 0.71 0.045 0 
0.662 0 0 0 0.23805 0.7139 0.04805 0 
0.664 0 0 0 0.2312 0.7176 0.0512 0 
0.666 0 0 0 0.22445 0.7211 0.05445 0 
0.668 0 0 0 0.2178 0.7244 0.0578 0 
0.67 0 0 0 0.21125 0.7275 0.06125 0 
0.672 0 0 0 0.2048 0.7304 0.0648 0 
0.674 0 0 0 0.19845 0.7331 0.06845 0 
0.676 0 0 0 0.1922 0.7356 0.0722 0 
0.678 0 0 0 0.18605 0.7379 0.07605 0 
0.68 0 0 0 0.18 0.74 0.08 0 
0.682 0 0 0 0.17405 0.7419 0.08405 0 
0.684 0 0 0 0.1682 0.7436 0.0882 0 
0.686 0 0 0 0.16245 0.7451 0.09245 0 
0.688 0 0 0 0.1568 0.7464 0.0968 0 
0.69 0 0 0 0.15125 0.7475 0.10125 0 
0.692 0 0 0 0.1458 0.7484 0.1058 0 
0.694 0 0 0 0.14045 0.7491 0.11045 0 
0.696 0 0 0 0.1352 0.7496 0.1152 0 
0.698 0 0 0 0.13005 0.7499 0.12005 0 
0.7 0 0 0 0.125 0.75 0.125 0 
0.702 0 0 0 0.12005 0.7499 0.13005 0 
0.704 0 0 0 0.1152 0.7496 0.1352 0 
0.706 0 0 0 0.11045 0.7491 0.14045 0 
0.708 0 0 0 0.1058 0.7484 0.1458 0 
0.71 0 0 0 0.10125 0.7475 0.15125 0 
0.712 0 0 0 0.0968 0.7464 0.1568 0 
0.714 0 0 0 0.09245 0.7451 0.16245 0 
0.716 0 0 0 0.0882 0.7436 0.1682 0 
0.718 0 0 0 0.08405 0.7419 0.17405 0 
0.72 0 0 0 0.08 0.74 0.18 0 
0.722 0 0 0 0.07605 0.7379 0.18605 0 
0.724 0 0 0 0.0722 0.7356 0.1922 0 
0.726 0 0 0 0.06845 0.7331 0.19845 0 
0.728 0 0 0 0.0648 0.7304 0.2048 0 
0.73 0 0 0 0.06125 0.7275 0.21125 0 
0.732 0 0 0 0.0578 0.7244 0.2178 0 
0.734 0 0 0 0.05445 0.7211 0.22445 0 
0.736 0 0 0 0.0512 0.7176 0.2312 0 
0.738 0 0 0 0.04805 0.7139 0.23805 0 
0.74 0 0 0 0.045 0.71 0.245 0 
0.742 0 0 0 0.04205 0.7059 0.25205 0 
0.744 0 0 0 0.0392 0.7016 0.2592 0 
0.746 0 0 0 0.03645 0.6971 0.26645 0 
0.748 0 0 0 0.0338 0.6924 0.2738 0 
0.75 0 0 0 0.03125 0.6875 0.28125 0 
0.752 0 0 0 0.0288 0.6824 0.2888 0 
0.754 0 0 0 0.02645 0.6771 0.29645 0 
0.756 0 0 0 0.0242 0.6716 0.3042 0 
0.758 0 0 0 0.02205 0.6659 0.31205 0 
0.76 0 0 0 0.02 0.66 0.32 0 
0.762 0 0 0 0.01805 0.6539 0.32805 0 
0.764 0 0 0 0.0162 0.6476 0.3362 0 
0.766 0 0 0 0.01445 0.6411 0.34445 0 
0.768 0 0 0 0.0128 0.6344 0.3528 0 
0.77 0 0 0 0.01125 0.6275 0.36125 0 
0.772 0 0 0 0.0098 0.6204 0.3698 0 
0.774 0 0 0 0.00845 0.6131 0.37845 0 
0.776 0 0 0 0.0072 0.6056 0.3872 0 
0.778 0 0 0 0.00605 0.5979 0.39605 0 
0.78 0 0 0 0.005 0.59 0.405 0 
0.782 0 0 0 0.00405 0.5819 0.41405 0 
0.784 0 0 0 0.0032 0.5736 0.4232 0 
0.786 0 0 0 0.00245 0.5651 0.43245 0 
0.788 0 0 0 0.0018 0.5564 0.4418 0 
0.79 0 0 0 0.00125 0.5475 0.45125 0 
0.792 0 0 0 0.0008 0.5384 0.4608 0 
0.794 0 0 0 0.00045 0.5291 0.47045 0 
0.796 0 0 0 0.0002 0.5196 0.4802 0 
0.798 0 0 0 5e-05 0.5099 0.49005 0 
0.8 0 0 0 0 0.5 0.5 0 
0.802 0 0 0 0 0.49005 0.50985 0.0001 
0.804 0 0 0 0 0.4802 0.5194 0.0004 
0.806 0 0 0 0 0.47045 0.52865 0.0009 
0.808 0 0 0 0 0.4608 0.5376 0.0016 
0.81 0 0 0 0 0.45125 0.54625 0.0025 
0.812 0 0 0 0 0.4418 0.5546 0.0036 
0.814 0 0 0 0 0.43245 0.56265 0.0049 
0.816 0 0 0 0 0.4232 0.5704 0.0064 
0.818 0 0 0 0 0.41405 0.57785 0.0081 
0.82 0 0 0 0 0.405 0.585 0.01 
0.822 0 0 0 0 0.39605 0.59185 0.0121 
0.824 0 0 0 0 0.3872 0.5984 0.0144 
0.826 0 0 0 0 0.37845 0.60465 0.0169 
0.828 0 0 0 0 0.3698 0.6106 0.0196 
0.83 0 0 0 0 0.36125 0.61625 0.0225 
0.832 0 0 0 0 0.3528 0.6216 0.0256 
0.834 0 0 0 0 0.34445 0.62665 0.0289 
0.836 0 0 0 0 0.3362 0.6314 0.0324 
0.838 0 0 0 0 0.32805 0.63585 0.0361 
0.84 0 0 0 0 0.32 0.64 0.04 
0.842 0 0 0 0 0.31205 0.64385 0.0441 
0.844 0 0 0 0 0.3042 0.6474 0.0484 
0.846 0 0 0 0 0.29645 0.65065 0.0529 
0.848 0 0 0 0 0.2888 0.6536 0.0576 
0.85 0 0 0 0 0.28125 0.65625 0.0625 
0.852 0 0 0 0 0.2738 0.6586 0.0676 
0.854 0 0 0 0 0.26645 0.66065 0.0729 
0.856 0 0 0 0 0.2592 0.6624 0.0784 
0.858 0 0 0 0 0.25205 0.66385 0.0841 
0.86 0 0 0 0 0.245 0.665 0.09 
0.862 0 0 0 0 0.23805 0.66585 0.0961 
0.864 0 0 0 0 0.2312 0.6664 0.1024 
0.866 0 0 0 0 0.22445 0.66665 0.1089 
0.868 0 0 0 0 0.2178 0.6666 0.1156 
0.87 0 0 0 0 0.21125 0.66625 0.1225 
0.872 0 0 0 0 0.2048 0.6656 0.1296 
0.874 0 0 0 0 0.19845 0.66465 0.1369 
0.876 0 0 0 0 0.1922 0.6634 0.1444 
0.878 0 0 0 0 0.18605 0.66185 0.1521 
0.88 0 0 0 0 0.18 0.66 0.16 
0.882 0 0 0 0 0.17405 0.65785 0.1681 
0.884 0 0 0 0 0.1682 0.6554 0.1764 
0.886 0 0 0 0 0.16245 0.65265 0.1849 
0.888 0 0 0 0 0.1568 0.6496 0.1936 
0.89 0 0 0 0 0.15125 0.64625 0.2025 
0.892 0 0 0 0 0.1458 0.6426 0.2116 
0.894 0 0 0 0 0.14045 0.63865 0.2209 
0.896 0 0 0 0 0.1352 0.6344 0.2304 
0.898 0 0 0 0 0.13005 0.62985 0.2401 
0.9 0 0 0 0 0.125 0.625 0.25 
0.902 0 0 0 0 0.12005 0.61985 0.2601 
0.904 0 0 0 0 0.1152 0.6144 0.2704 
0.906 0 0 0 0 0.11045 0.60865 0.2809 
0.908 0 0 0 0 0.1058 0.6026 0.2916 
0.91 0 0 0 0 0.10125 0.59625 0.3025 
0.912 0 0 0 0 0.0968 0.5896 0.3136 
0.914 0 0 0 0 0.09245 0.58265 0.3249 
0.916 0 0 0 0 0.0882 0.5754 0.3364 
0.918 0 0 0 0 0.08405 0.56785 0.3481 
0.92 0 0 0 0 0.08 0.56 0.36 
0.922 0 0 0 0 0.07605 0.55185 0.3721 
0.924 0 0 0 0 0.0722 0.5434 0.3844 
0.926 0 0 0 0 0.06845 0.53465 0.3969 
0.928 0 0 0 0 0.0648 0.5256 0.4096 
0.93 0 0 0 0 0.06125 0.51625 0.4225 
0.932 0 0 0 0 0.0578 0.5066 0.4356 
0.934 0 0 0 0 0.05445 0.49665 0.4489 
0.936 0 0 0 0 0.0512 0.4864 0.4624 
0.938 0 0 0 0 0.04805 0.47585 0.4761 
0.94 0 0 0 0 0.045 0.465 0.49 
0.942 0 0 0 0 0.04205 0.45385 0.5041 
0.944 0 0 0 0 0.0392 0.4424 0.5184 
0.946 0 0 0 0 0.03645 0.43065 0.5329 
0.948 0 0 0 0 0.0338 0.4186 0.5476 
0.95 0 0 0 0 0.03125 0.40625 0.5625 
0.952 0 0 0 0 0.0288 0.3936 0.5776 
0.954 0 0 0 0 0.02645 0.38065 0.5929 
0.956 0 0 0 0 0.0242 0.3674 0.6084 
0.958 0 0 0 0 0.02205 0.35385 0.6241 
0.96 0 0 0 0 0.02 0.34 0.64 
0.962 0 0 0 0 0.01805 0.32585 0.6561 
0.964 0 0 0 0 0.0162 0.3114 0.6724 
0.966 0 0 0 0 0.01445 0.29665 0.6889 
0.968 0 0 0 0 0.0128 0.2816 0.7056 
0.97 0 0 0 0 0.01125 0.26625 0.7225 
0.972 0 0 0 0 0.0098 0.2506 0.7396 
0.974 0 0 0 0 0.00845 0.23465 0.7569 
0.976 0 0 0 0 0.0072 0.2184 0.7744 
0.978 0 0 0 0 0.00605 0.20185 0.7921 
0.98 0 0 0 0 0.005 0.185 0.81 
0.982 0 0 0 0 0.00405 0.16785 0.8281 
0.984 0 0 0 0 0.0032 0.1504 0.8464 
0.986 0 0 0 0 0.00245 0.13265 0.8649 
0.988 0 0 0 0 0.0018 0.1146 0.8836 
0.99 0 0 0 0 0.00125 0.09625 0.9025 
0.992 0 0 0 0 0.0008 0.0776 0.9216 
0.994 0 0 0 0 0.00045 0.05865 0.9409 
0.996 0 0 0 0 0.0002 0.0394 0.9604 
0.998 0 0 0 0 5e-05 0.01985 0.9801 
1 0 0 0 0 0 0 0 
