3.4000000000000004 0.0
3.399589317571042 0.5651430759151921
3.392424834951115 1.0754018038865487
3.378488249363291 1.5304054360466202
3.3577664801158282 1.9298249673187493
3.3302517094820034 2.2733737547873956
3.295941413490941 2.5608080573377734
3.2548383824897535 2.791927493649152
3.2069507313739334 2.966575416913543
3.152291899420171 3.0846392049482096
3.0846392049482096 3.1522918994201707
2.966575416913543 3.2069507313739334
2.791927493649153 3.2548383824897535
2.5608080573377734 3.295941413490941
2.2733737547873965 3.3302517094820043
1.9298249673187493 3.3577664801158282
1.5304054360466206 3.3784882493632913
1.0754018038865487 3.392424834951115
0.5651430759151926 3.3995893175710417
0.0 3.4000000000000004
