3.0999999999999996 0.0
3.1012004155140898 0.46563174459392626
3.09310445769948 0.8907596907401275
3.0756536621308292 1.274722969446878
3.0488055816132995 1.6169276266428674
3.012534076783367 1.9168490662692683
2.9668295378086764 2.1740342142374494
2.911699034955167 2.3881033863530345
2.8471663963498157 2.5587518455388385
2.773272211852669 2.6857510361070043
2.6857510361070043 2.7732722118526687
2.5587518455388385 2.8471663963498157
2.388103386353035 2.911699034955167
2.1740342142374494 2.9668295378086764
1.9168490662692688 3.0125340767833664
1.6169276266428674 3.0488055816132995
1.2747229694468782 3.075653662130829
0.8907596907401275 3.0931044576994795
0.46563174459392676 3.1012004155140898
0.0 3.0999999999999996
