0.5811303894556556 0.8138357286469579
0.6712141982312871 0.9524509542370737
0.7701499466338367 1.0926391850068946
0.8777924126047146 1.2346927181901404
0.9940493828359911 1.3788964398307593
1.1188771889956812 1.5255307416650652
1.2522772080316522 1.6748741484250593
1.394293179645936 1.8272057269916369
1.5450092271329616 1.9828073368311907
1.704548494057858 2.1419657721556344
1.873072330432901 2.3049748395908356
2.0507799794221206 2.4721374103399563
2.2379087301494067 2.64376748253802
2.4347345146666353 2.820192287464203
2.641572938159326 3.001754472337969
2.858780741519607 3.188814392464243
3.086757704913891 3.381752546451512
3.3259490102792317 3.580972190088463
3.5768480901329074 3.7869021672526157
3.84 4.0
