1.9000000000000001 0.0
1.90755544772031 0.17714672975628074
1.902677587822279 0.3507645331262461
1.8848974189449403 0.5198525753872929
1.8538516814775445 0.6834052701096411
1.809295202730355 0.8404289270441055
1.7511110560901413 0.9899591979605785
1.6793180143430555 1.1310787534448543
1.5940748677535612 1.2629345699653285
1.495681301328405 1.3847541869466176
1.3847541869466176 1.4956813013284045
1.2629345699653287 1.594074867753561
1.1310787534448543 1.6793180143430553
0.9899591979605785 1.7511110560901413
0.8404289270441057 1.809295202730355
0.6834052701096411 1.8538516814775448
0.5198525753872931 1.8848974189449401
0.3507645331262461 1.902677587822279
0.17714672975628096 1.9075554477203098
0.0 1.9000000000000001
