2.2 0.0
2.207036921108273 0.23293413956845077
2.2012471808110115 0.45635256046300077
2.1822817383196362 0.6691754310477696
2.1498745633140635 0.870360656882207
2.1038494134521986 1.0589181790539637
2.0441252872331312 1.2339239997525862
1.9707203432409341 1.3945335592622494
1.8837541183455861 1.5399940905513672
1.7834479287222607 1.6696555963373136
1.6696555963373136 1.7834479287222607
1.5399940905513674 1.8837541183455857
1.3945335592622499 1.9707203432409337
1.2339239997525862 2.0441252872331312
1.0589181790539637 2.1038494134521986
0.870360656882207 2.1498745633140635
0.6691754310477698 2.182281738319636
0.45635256046300077 2.201247180811011
0.23293413956845102 2.2070369211082728
0.0 2.2
