0.7071227741330834 0.7071227741330834
0.8230039953260297 0.8230039953260297
0.9443033113015015 0.9443033113015015
1.0710926256546702 1.0710926256546702
1.2034688776443332 1.2034688776443332
1.341553076445296 1.341553076445296
1.4854897305167691 1.4854897305167691
1.6354466248370199 1.6354466248370199
1.791614911898431 1.791614911898431
1.95420949301305 1.95420949301305
2.123469675340893 2.123469675340893
2.2996600976479846 2.2996600976479846
2.483071924537004 2.483071924537004
2.6740243150977596 2.6740243150977596
2.8728661778698155 2.8728661778698155
3.0799782299329497 3.0799782299329497
3.295775384061049 3.295775384061049
3.520709494404219 3.520709494404219
3.755272498320648 3.755272498320648
4.0 4.0
