0.4412923705622652 0.897380231327763
0.5068436819893908 1.0513769367797388
0.5824063579979321 1.2045413048935154
0.6677572935103689 1.357248916769815
0.7627279120056256 1.5098544867194827
0.8671996506086329 1.6626957086525846
0.9811003008620474 1.8160966509568524
1.104401083608676 1.9703707860413515
1.2371143613861628 2.1258237261038877
1.3792919119570155 2.282755725225866
1.5310237031706657 2.4414639989345455
1.6924371231297968 2.602244905393583
1.863696631272693 2.7653960270056372
2.0450038060103197 2.931218187147298
2.236597773392012 3.1000174337907094
2.4387560092629417 3.272107019738921
2.6517955148118157 3.4478094079995105
2.876074372543356 3.627458330367149
3.1119936967779918 3.811400927535913
3.3600000000000003 4.0
