x N1 N2 N3 N4 N5 N6 N7
0 6.67588 -3.0355 1.13802 -0.492662 0.235517 -0.160853 0.0742045 
0.01 5.73423 -2.2084 0.798036 -0.343964 0.164359 -0.112249 0.0517819 
0.02 4.85158 -1.44416 0.490157 -0.209598 0.100073 -0.0683398 0.0315254 
0.03 4.02792 -0.742775 0.214388 -0.0895661 0.0426609 -0.0291262 0.0134352 
0.04 3.26325 -0.104246 -0.0292716 0.0161328 -0.00787888 0.00539205 -0.00248879 
0.05 2.55757 0.471427 -0.240822 0.107499 -0.0515458 0.035215 -0.0162466 
0.06 1.91088 0.984242 -0.420262 0.184531 -0.08834 0.0603426 -0.0278382 
0.07 1.32318 1.4342 -0.567593 0.247231 -0.118261 0.0807749 -0.0372635 
0.08 0.794475 1.8213 -0.682814 0.295597 -0.14131 0.0965118 -0.0445227 
0.09 0.324758 2.14555 -0.765926 0.32963 -0.157486 0.107553 -0.0496157 
0.1 -0.0859686 2.40694 -0.816928 0.34933 -0.166789 0.1139 -0.0525424 
0.11 -0.437704 2.60547 -0.835821 0.354697 -0.169219 0.115551 -0.0533029 
0.12 -0.730449 2.74114 -0.822604 0.345731 -0.164777 0.112506 -0.0518972 
0.13 -0.964203 2.81396 -0.777278 0.322432 -0.153461 0.104767 -0.0483253 
0.14 -1.13897 2.82392 -0.699842 0.284799 -0.135273 0.0923315 -0.0425872 
0.15 -1.25474 2.77102 -0.590296 0.232833 -0.110213 0.0752011 -0.0346829 
0.16 -1.31152 2.65527 -0.448641 0.166535 -0.078279 0.0533754 -0.0246124 
0.17 -1.30931 2.47666 -0.274877 0.0859025 -0.0394727 0.0268543 -0.0123756 
0.18 -1.24811 2.23519 -0.0690024 -0.00906267 0.00620649 -0.00436205 0.00202732 
0.19 -1.12792 1.93087 0.168981 -0.118361 0.0587584 -0.0402738 0.0185965 
0.2 -0.948741 1.56369 0.439074 -0.241993 0.118183 -0.0808808 0.0373319 
0.21 -0.747319 1.1794 0.712006 -0.363824 0.176602 -0.120791 0.0557447 
0.22 -0.560409 0.823772 0.958503 -0.467724 0.226135 -0.154613 0.0713461 
0.23 -0.388009 0.496791 1.17857 -0.55369 0.266784 -0.182345 0.0841362 
0.24 -0.230119 0.198462 1.3722 -0.621725 0.298548 -0.203989 0.0941148 
0.25 -0.0867401 -0.0712159 1.53939 -0.671826 0.321426 -0.219545 0.101282 
0.26 0.0421284 -0.312242 1.68016 -0.703996 0.33542 -0.229011 0.105638 
0.27 0.156486 -0.524617 1.79448 -0.718232 0.340529 -0.232389 0.107183 
0.28 0.256334 -0.708341 1.88238 -0.714537 0.336753 -0.229678 0.105916 
0.29 0.341671 -0.863413 1.94384 -0.692908 0.324092 -0.220878 0.101838 
0.3 0.412497 -0.989833 1.97887 -0.653348 0.302545 -0.205989 0.0949482 
0.31 0.468813 -1.0876 1.98746 -0.595854 0.272114 -0.185012 0.0852473 
0.32 0.510618 -1.15672 1.96962 -0.520428 0.232798 -0.157945 0.072735 
0.33 0.537913 -1.19719 1.92535 -0.42707 0.184597 -0.12479 0.0574113 
0.34 0.550697 -1.209 1.85464 -0.315779 0.127511 -0.0855467 0.0392763 
0.35 0.548971 -1.19216 1.7575 -0.186556 0.0615401 -0.0402141 0.0183299 
0.36 0.532734 -1.14668 1.63393 -0.0394001 -0.0133159 0.0112072 -0.00542786 
0.37 0.501986 -1.07254 1.48392 0.125688 -0.0970568 0.0687173 -0.031997 
0.38 0.456728 -0.969745 1.30748 0.308709 -0.189683 0.132316 -0.0613775 
0.39 0.39696 -0.838303 1.1046 0.509663 -0.291194 0.202004 -0.0935694 
0.4 0.322681 -0.678209 0.875291 0.728548 -0.40159 0.27778 -0.128573 
0.41 0.244095 -0.51012 0.641698 0.945008 -0.507494 0.35027 -0.162033 
0.42 0.171407 -0.354693 0.425974 1.13868 -0.59553 0.410098 -0.189596 
0.43 0.104615 -0.211929 0.228119 1.30957 -0.665698 0.457263 -0.211262 
0.44 0.043721 -0.0818261 0.048131 1.45768 -0.717997 0.491767 -0.227031 
0.45 -0.0112761 0.0356145 -0.113988 1.58299 -0.752428 0.513609 -0.236903 
0.46 -0.060376 0.140393 -0.258239 1.68553 -0.768991 0.522789 -0.240877 
0.47 -0.103579 0.23251 -0.384622 1.76528 -0.767686 0.519306 -0.238955 
0.48 -0.140884 0.311964 -0.493137 1.82224 -0.748513 0.503162 -0.231135 
0.49 -0.172293 0.378757 -0.583783 1.85642 -0.711471 0.474355 -0.217418 
0.5 -0.197804 0.432887 -0.656561 1.86781 -0.656561 0.432887 -0.197804 
0.51 -0.217418 0.474355 -0.711471 1.85642 -0.583783 0.378757 -0.172293 
0.52 -0.231135 0.503162 -0.748513 1.82224 -0.493137 0.311964 -0.140884 
0.53 -0.238955 0.519306 -0.767686 1.76528 -0.384622 0.23251 -0.103579 
0.54 -0.240877 0.522789 -0.768991 1.68553 -0.258239 0.140393 -0.060376 
0.55 -0.236903 0.513609 -0.752428 1.58299 -0.113988 0.0356145 -0.0112761 
0.56 -0.227031 0.491767 -0.717997 1.45768 0.048131 -0.0818261 0.043721 
0.57 -0.211262 0.457263 -0.665698 1.30957 0.228119 -0.211929 0.104615 
0.58 -0.189596 0.410098 -0.59553 1.13868 0.425974 -0.354693 0.171407 
0.59 -0.162033 0.35027 -0.507494 0.945008 0.641698 -0.51012 0.244095 
0.6 -0.128573 0.27778 -0.40159 0.728548 0.875291 -0.678209 0.322681 
0.61 -0.0935694 0.202004 -0.291194 0.509663 1.1046 -0.838303 0.39696 
0.62 -0.0613775 0.132316 -0.189683 0.308709 1.30748 -0.969745 0.456728 
0.63 -0.031997 0.0687173 -0.0970568 0.125688 1.48392 -1.07254 0.501986 
0.64 -0.00542786 0.0112072 -0.0133159 -0.0394001 1.63393 -1.14668 0.532734 
0.65 0.0183299 -0.0402141 0.0615401 -0.186556 1.7575 -1.19216 0.548971 
0.66 0.0392763 -0.0855467 0.127511 -0.315779 1.85464 -1.209 0.550697 
0.67 0.0574113 -0.12479 0.184597 -0.42707 1.92535 -1.19719 0.537913 
0.68 0.072735 -0.157945 0.232798 -0.520428 1.96962 -1.15672 0.510618 
0.69 0.0852473 -0.185012 0.272114 -0.595854 1.98746 -1.0876 0.468813 
0.7 0.0949482 -0.205989 0.302545 -0.653348 1.97887 -0.989833 0.412497 
0.71 0.101838 -0.220878 0.324092 -0.692908 1.94384 -0.863413 0.341671 
0.72 0.105916 -0.229678 0.336753 -0.714537 1.88238 -0.708341 0.256334 
0.73 0.107183 -0.232389 0.340529 -0.718232 1.79448 -0.524617 0.156486 
0.74 0.105638 -0.229011 0.33542 -0.703996 1.68016 -0.312242 0.0421284 
0.75 0.101282 -0.219545 0.321426 -0.671826 1.53939 -0.0712159 -0.0867401 
0.76 0.0941148 -0.203989 0.298548 -0.621725 1.3722 0.198462 -0.230119 
0.77 0.0841362 -0.182345 0.266784 -0.55369 1.17857 0.496791 -0.388009 
0.78 0.0713461 -0.154613 0.226135 -0.467724 0.958503 0.823772 -0.560409 
0.79 0.0557447 -0.120791 0.176602 -0.363824 0.712006 1.1794 -0.747319 
0.8 0.0373319 -0.0808808 0.118183 -0.241993 0.439074 1.56369 -0.948741 
0.81 0.0185965 -0.0402738 0.0587584 -0.118361 0.168981 1.93087 -1.12792 
0.82 0.00202732 -0.00436205 0.00620649 -0.00906267 -0.0690024 2.23519 -1.24811 
0.83 -0.0123756 0.0268543 -0.0394727 0.0859025 -0.274877 2.47666 -1.30931 
0.84 -0.0246124 0.0533754 -0.078279 0.166535 -0.448641 2.65527 -1.31152 
0.85 -0.0346829 0.0752011 -0.110213 0.232833 -0.590296 2.77102 -1.25474 
0.86 -0.0425872 0.0923315 -0.135273 0.284799 -0.699842 2.82392 -1.13897 
0.87 -0.0483253 0.104767 -0.153461 0.322432 -0.777278 2.81396 -0.964203 
0.88 -0.0518972 0.112506 -0.164777 0.345731 -0.822604 2.74114 -0.730449 
0.89 -0.0533029 0.115551 -0.169219 0.354697 -0.835821 2.60547 -0.437704 
0.9 -0.0525424 0.1139 -0.166789 0.34933 -0.816928 2.40694 -0.0859686 
0.91 -0.0496157 0.107553 -0.157486 0.32963 -0.765926 2.14555 0.324758 
0.92 -0.0445227 0.0965118 -0.14131 0.295597 -0.682814 1.8213 0.794475 
0.93 -0.0372635 0.0807749 -0.118261 0.247231 -0.567593 1.4342 1.32318 
0.94 -0.0278382 0.0603426 -0.08834 0.184531 -0.420262 0.984242 1.91088 
0.95 -0.0162466 0.035215 -0.0515458 0.107499 -0.240822 0.471427 2.55757 
0.96 -0.00248879 0.00539205 -0.00787888 0.0161328 -0.0292716 -0.104246 3.26325 
0.97 0.0134352 -0.0291262 0.0426609 -0.0895661 0.214388 -0.742775 4.02792 
0.98 0.0315254 -0.0683398 0.100073 -0.209598 0.490157 -1.44416 4.85158 
0.99 0.0517819 -0.112249 0.164359 -0.343964 0.798036 -2.2084 5.73423 
