0 1
0.000637349 1
0.0012747 1
0.00191205 1
0.00254939 1
0.00318674 1
0.00382409 1
0.00446144 1
0.00509879 1
0.00573614 1
0.00637349 1
0.00701083 1
0.00764818 1
0.00828553 1
0.00892288 1
0.00956023 1
0.0101976 1
0.0108349 1
0.0114723 1
0.0121096 1
0.012747 1
0.0133843 1
0.0140217 1
0.014659 1
0.0152964 1
0.0159337 1
0.0165711 1
0.0172084 1
0.0178458 1
0.0184831 1
0.0191205 1
0.0197578 1
0.0203952 1
0.0210325 1
0.0216699 1
0.0223072 1
0.0229446 1
0.0235819 1
0.0242192 1
0.0248566 1
0.0254939 1
0.0261313 1
0.0267686 1
0.027406 1
0.0280433 1
0.0286807 1
0.029318 1
0.0299554 1
0.0305927 1
0.0312301 1
0.0318674 1
0.0325048 1
0.0331421 1
0.0337795 1
0.0344168 1
0.0350542 1
0.0356915 1
0.0363289 1
0.0369662 1
0.0376036 1
0.0382409 1
0.0388783 1
0.0395156 1
0.040153 1
0.0407903 1
0.0414277 1
0.042065 1
0.0427024 0.999999
0.0433397 0.999999
0.0439771 1
0.0446144 1
0.0452518 1
0.0458891 1
0.0465264 1
0.0471638 1
0.0478011 1
0.0484385 1
0.0490758 1
0.0497132 1
0.0503505 1
0.0509879 1
0.0516252 1
0.0522626 1
0.0528999 1
0.0535373 1
0.0541746 1
0.054812 1
0.0554493 1
0.0560867 1
0.056724 1
0.0573614 0.999999
0.0579987 0.999999
0.0586361 1
0.0592734 1
0.0599108 0.999997
0.0605481 0.999997
0.0611855 1
0.0618228 1
0.0624602 0.999999
0.0630975 0.999999
0.0637349 1.00001
0.0643722 1.00001
0.0650096 1
0.0656469 1
0.0662843 1.00001
0.0669216 1.00001
0.067559 0.999999
0.0681963 0.999999
0.0688337 0.999999
0.069471 0.999999
0.0701083 0.999995
0.0707457 0.999995
0.071383 1
0.0720204 1
0.0726577 1
0.0732951 0.999998
0.0739324 1
0.0745698 1
0.0752071 1
0.0758445 0.999998
0.0764818 1
0.0771192 1.00001
0.0777565 1.00001
0.0783939 1.00001
0.0790312 1.00001
0.0796686 1.00001
0.0803059 1.00001
0.0809433 0.999976
0.0815806 0.999984
0.082218 0.999995
0.0828553 0.999995
0.0834927 0.999998
0.08413 0.999998
0.0847674 1.00001
0.0854047 1.00001
0.0860421 0.999996
0.0866794 0.999996
0.0873168 1.00001
0.0879541 1.00001
0.0885915 1.00003
0.0892288 1.00003
0.0898662 0.999997
0.0905035 1.00002
0.0911409 1.00002
0.0917782 0.999989
0.0924156 0.999989
0.0930529 0.999989
0.0936902 0.999989
0.0943276 1.00001
0.0949649 1.00001
0.0956023 0.999993
0.0962396 0.999994
0.096877 1.00002
0.0975143 1.00002
0.0981517 1
0.098789 1
0.0994264 0.999995
0.100064 0.999995
0.100701 1.00001
0.101338 1.00001
0.101976 0.999957
0.102613 0.999957
0.10325 1.00007
0.103888 1.00007
0.104525 1.00005
0.105163 1.00005
0.1058 0.999985
0.106437 0.999985
0.107075 1
0.107712 1
0.108349 1.00005
0.108987 1.00005
0.109624 1.00006
0.110261 1.00006
0.110899 0.999994
0.111536 0.999982
0.112173 0.999983
0.112811 1.00001
0.113448 1.00001
0.114085 0.999966
0.114723 0.999967
0.11536 1.00005
0.115997 1.00005
0.116635 1.00014
0.117272 1.00014
0.117909 0.999997
0.118547 1.00001
0.119184 1.00007
0.119822 1.00007
0.120459 1.00005
0.121096 1.00005
0.121734 0.999972
0.122371 0.999972
0.123008 1.00007
0.123646 1.00007
0.124283 0.999993
0.12492 0.999993
0.125558 1.0001
0.126195 1.0001
0.126832 1.00005
0.12747 1.00005
0.128107 0.999946
0.128744 0.999946
0.129382 1.00006
0.130019 1.00006
0.130656 0.999868
0.131294 1.00004
0.131931 1.00004
0.132569 0.999971
0.133206 1.00001
0.133843 1.00021
0.134481 1.00021
0.135118 1
0.135755 1
0.136393 1.00029
0.13703 1.00029
0.137667 0.999982
0.138305 1.00001
0.138942 1.00022
0.139579 1.00022
0.140217 1.00007
0.140854 1.00007
0.141491 1.0002
0.142129 1.0002
0.142766 1.00004
0.143403 1.00004
0.144041 0.999926
0.144678 0.999926
0.145315 1.00026
0.145953 1.00026
0.14659 0.999985
0.147228 0.999985
0.147865 1.00003
0.148502 1.00004
0.14914 1.00002
0.149777 1.00002
0.150414 1.00011
0.151052 1.00011
0.151689 1.00017
0.152326 1.00017
0.152964 1.00021
0.153601 1.00021
0.154238 1.00009
0.154876 1.00009
0.155513 0.999906
0.15615 0.999906
0.156788 0.999953
0.157425 1.00015
0.158062 1.00016
0.1587 0.999827
0.159337 0.999875
0.159975 1.00012
0.160612 1.00017
0.161249 1.00001
0.161887 1.00002
0.162524 1.00017
0.163161 1.00017
0.163799 1.00022
0.164436 1.00022
0.165073 1.00001
0.165711 1.00005
0.166348 0.999847
0.166985 0.999878
0.167623 1.00061
0.16826 1.00061
0.168897 0.999969
0.169535 0.999969
0.170172 1.0008
0.170809 1.0008
0.171447 0.999939
0.172084 0.999939
0.172721 0.999947
0.173359 0.999947
0.173996 1.00063
0.174634 1.00063
0.175271 1.00001
0.175908 1.00001
0.176546 0.999992
0.177183 0.999992
0.17782 1.00057
0.178458 1.00057
0.179095 1.00076
0.179732 1.00076
0.18037 1.00007
0.181007 1.00011
0.181644 1.00007
0.182282 1.00007
0.182919 0.999951
0.183556 0.999943
0.184194 0.999958
0.184831 1.00044
0.185468 1.00044
0.186106 0.999762
0.186743 0.999767
0.18738 1.00111
0.188018 1.00111
0.188655 1.00076
0.189293 1.00076
0.18993 0.999544
0.190567 0.999544
0.191205 1.00077
0.191842 1.00077
0.192479 1.00005
0.193117 1.00016
0.193754 1.00044
0.194391 1.0005
0.195029 1.00095
0.195666 1.00095
0.196303 0.99988
0.196941 0.99988
0.197578 0.999832
0.198215 0.999924
0.198853 0.999967
0.19949 0.999967
0.200127 1.00069
0.200765 1.00069
0.201402 1.00073
0.20204 1.00073
0.202677 0.999748
0.203314 0.999748
0.203952 1.00054
0.204589 1.00055
0.205226 1.00014
0.205864 1.00015
0.206501 1.00155
0.207138 1.00155
0.207776 0.999953
0.208413 0.999953
0.20905 1.00128
0.209688 1.00128
0.210325 1.00085
0.210962 1.00085
0.2116 1.00006
0.212237 1.00129
0.212874 1.00129
0.213512 0.99981
0.214149 1.00004
0.214786 1.00093
0.215424 1.0012
0.216061 1.00028
0.216699 1.00028
0.217336 1.00025
0.217973 1.00025
0.218611 1.00047
0.219248 1.00054
0.219885 1.00047
0.220523 1.00128
0.22116 0.999136
0.221797 0.999665
0.222435 1.00122
0.223072 1.00122
0.223709 0.999396
0.224347 0.999396
0.224984 1.00046
0.225621 1.00046
0.226259 1.00055
0.226896 1.00059
0.227533 1.00005
0.228171 1.00005
0.228808 1.0023
0.229446 1.0023
0.230083 1.0022
0.23072 1.00223
0.231358 1.00126
0.231995 1.00126
0.232632 0.999639
0.23327 0.999639
0.233907 1.00196
0.234544 1.00196
0.235182 1.00065
0.235819 1.00071
0.236456 1.00228
0.237094 1.00232
0.237731 0.999743
0.238368 0.999743
0.239006 1.0012
0.239643 1.0012
0.24028 1.00199
0.240918 1.00199
0.241555 0.999872
0.242192 0.999472
0.24283 0.999556
0.243467 0.999413
0.244105 0.999786
0.244742 1.00133
0.245379 1.00133
0.246017 1.00069
0.246654 1.00072
0.247291 1.00111
0.247929 1.00111
0.248566 0.999742
0.249203 1.00028
0.249841 1.00336
0.250478 1.00344
0.251115 1.00206
0.251753 1.00206
0.25239 1.00239
0.253027 1.00239
0.253665 1.0024
0.254302 1.00241
0.254939 1.00111
0.255577 1.00111
0.256214 0.999643
0.256851 0.999648
0.257489 0.999728
0.258126 0.999728
0.258764 1.00225
0.259401 1.00225
0.260038 0.99987
0.260676 0.99987
0.261313 1.00077
0.26195 1.00083
0.262588 1.0028
0.263225 1.00284
0.263862 1.00041
0.2645 1.00041
0.265137 1.00103
0.265774 1.00103
0.266412 1.00108
0.267049 1.00108
0.267686 1.00194
0.268324 1.00194
0.268961 1.00046
0.269598 1.00046
0.270236 1.00048
0.270873 1.00095
0.271511 1.00087
0.272148 1.00162
0.272785 1.00201
0.273423 1.0048
0.27406 1.00487
0.274697 1.00511
0.275335 1.00511
0.275972 1.00169
0.276609 1.0019
0.277247 1.00314
0.277884 1.00314
0.278521 1.00435
0.279159 1.00452
0.279796 1.0076
0.280433 1.0076
0.281071 1.00315
0.281708 1.00368
0.282345 1.00284
0.282983 1.00298
0.28362 1.006
0.284257 1.00646
0.284895 1.00426
0.285532 1.00426
0.28617 1.00479
0.286807 1.00485
0.287444 1.00101
0.288082 1.00101
0.288719 1.00154
0.289356 1.00156
0.289994 0.999926
0.290631 0.999987
0.291268 1.00319
0.291906 1.00319
0.292543 1.00313
0.29318 1.00322
0.293818 0.999232
0.294455 0.999232
0.295092 1.00283
0.29573 1.00308
0.296367 1.0038
0.297004 1.0038
0.297642 1.00513
0.298279 1.00528
0.298917 1.00497
0.299554 1.00497
0.300191 1.00511
0.300829 1.00511
0.301466 1.0035
0.302103 1.0035
0.302741 1.00384
0.303378 1.00398
0.304015 1.00192
0.304653 1.00705
0.30529 1.00627
0.305927 1.00677
0.306565 1.002
0.307202 1.00054
0.307839 1.00071
0.308477 1.00247
0.309114 1.00254
0.309751 1.00382
0.310389 1.00382
0.311026 1.0025
0.311663 1.00291
0.312301 1.00197
0.312938 1.00225
0.313576 1.00594
0.314213 1.00594
0.31485 1.00464
0.315488 1.00464
0.316125 1.00089
0.316762 1.00089
0.3174 1.00091
0.318037 1.00091
0.318674 1.0049
0.319312 1.00505
0.319949 1.00382
0.320586 1.00426
0.321224 1.00434
0.321861 1.00434
0.322498 1.00287
0.323136 1.00469
0.323773 1.00637
0.32441 1.00637
0.325048 1.00466
0.325685 1.00466
0.326322 1.00622
0.32696 1.00645
0.327597 1.00564
0.328235 1.00564
0.328872 1.00632
0.329509 1.00658
0.330147 1.0044
0.330784 1.00449
0.331421 1.00088
0.332059 1.00171
0.332696 1.00646
0.333333 1.00649
0.333971 1.006
0.334608 1.006
0.335245 1.00683
0.335883 1.00683
0.33652 1.00409
0.337157 1.00414
0.337795 1.00428
0.338432 1.00428
0.339069 1.00614
0.339707 1.00676
0.340344 1.00154
0.340982 1.00307
0.341619 1.00208
0.342256 1.00123
0.342894 1.00289
0.343531 1.00224
0.344168 1.00224
0.344806 1.00352
0.345443 1.00354
0.34608 1.00449
0.346718 1.00449
0.347355 1.00542
0.347992 1.00542
0.34863 1.00778
0.349267 1.00847
0.349904 1.00977
0.350542 1.00978
0.351179 1.00689
0.351816 1.00689
0.352454 1.00809
0.353091 1.00809
0.353728 1.00844
0.354366 1.00918
0.355003 1.00589
0.355641 1.00616
0.356278 1.00658
0.356915 1.00658
0.357553 1.00654
0.35819 1.0067
0.358827 1.00511
0.359465 1.00511
0.360102 1.00552
0.360739 1.00552
0.361377 1.00376
0.362014 1.00376
0.362651 1.00567
0.363289 1.00567
0.363926 1.0034
0.364563 1.0034
0.365201 1.00444
0.365838 1.00444
0.366475 1.00366
0.367113 1.00366
0.36775 1.00389
0.368388 1.00572
0.369025 1.00507
0.369662 1.00677
0.3703 1.00653
0.370937 1.00653
0.371574 1.00707
0.372212 1.00783
0.372849 1.00597
0.373486 1.00647
0.374124 1.00656
0.374761 1.00714
0.375398 1.00686
0.376036 1.00865
0.376673 1.00546
0.37731 1.00599
0.377948 1.00682
0.378585 1.00731
0.379222 1.00694
0.37986 1.00964
0.380497 1.00774
0.381134 1.00797
0.381772 1.00608
0.382409 1.00609
0.383047 1.00664
0.383684 1.00611
0.384321 1.00611
0.384959 1.01189
0.385596 1.01205
0.386233 1.00961
0.386871 1.01037
0.387508 1.00974
0.388145 1.01021
0.388783 1.00959
0.38942 1.01119
0.390057 1.00654
0.390695 1.0073
0.391332 1.00624
0.391969 1.00624
0.392607 1.00784
0.393244 1.00784
0.393881 1.01014
0.394519 1.01097
0.395156 1.00608
0.395793 1.00782
0.396431 1.00674
0.397068 1.00674
0.397706 1.00771
0.398343 1.00771
0.39898 1.0045
0.399618 1.0045
0.400255 1.00408
0.400892 1.00422
0.40153 1.00289
0.402167 1.004
0.402804 1.00825
0.403442 1.00825
0.404079 1.01064
0.404716 1.01064
0.405354 1.01048
0.405991 1.01072
0.406628 1.00978
0.407266 1.01245
0.407903 1.01245
0.40854 1.0127
0.409178 1.01424
0.409815 1.01483
0.410453 1.01531
0.41109 1.01646
0.411727 1.0152
0.412365 1.01578
0.413002 1.01188
0.413639 1.0119
0.414277 1.0119
0.414914 1.01223
0.415551 1.01177
0.416189 1.01177
0.416826 1.01013
0.417463 1.01013
0.418101 1.00993
0.418738 1.01006
0.419375 1.00776
0.420013 1.00896
0.42065 1.00744
0.421287 1.00755
0.421925 1.00815
0.422562 1.00701
0.423199 1.01073
0.423837 1.01073
0.424474 1.01336
0.425112 1.0101
0.425749 1.01077
0.426386 1.01197
0.427024 1.01373
0.427661 1.00937
0.428298 1.01147
0.428936 1.01034
0.429573 1.01052
0.43021 1.01051
0.430848 1.01051
0.431485 1.01204
0.432122 1.01288
0.43276 1.01148
0.433397 1.01249
0.434034 1.01239
0.434672 1.01239
0.435309 1.01338
0.435946 1.01338
0.436584 1.01276
0.437221 1.01279
0.437859 1.01001
0.438496 1.01029
0.439133 1.01077
0.439771 1.01077
0.440408 1.00779
0.441045 1.00779
0.441683 1.00705
0.44232 1.00753
0.442957 1.00843
0.443595 1.00843
0.444232 1.011
0.444869 1.01214
0.445507 1.01234
0.446144 1.01234
0.446781 1.01338
0.447419 1.01406
0.448056 1.01243
0.448693 1.01333
0.449331 1.01207
0.449968 1.01207
0.450605 1.01291
0.451243 1.01293
0.45188 1.01201
0.452518 1.01235
0.453155 1.00988
0.453792 1.01068
0.45443 1.01069
0.455067 1.01076
0.455704 1.00864
0.456342 1.00876
0.456979 1.00824
0.457616 1.00828
0.458254 1.00723
0.458891 1.00723
0.459528 1.00784
0.460166 1.00784
0.460803 1.00932
0.46144 1.00985
0.462078 1.00932
0.462715 1.01022
0.463352 1.01478
0.46399 1.01512
0.464627 1.01407
0.465264 1.01581
0.465902 1.01581
0.466539 1.01618
0.467177 1.01644
0.467814 1.01545
0.468451 1.01545
0.469089 1.01612
0.469726 1.01694
0.470363 1.01598
0.471001 1.01642
0.471638 1.01598
0.472275 1.01598
0.472913 1.01397
0.47355 1.01459
0.474187 1.0183
0.474825 1.0183
0.475462 1.01912
0.476099 1.02036
0.476737 1.02036
0.477374 1.02232
0.478011 1.01715
0.478649 1.01769
0.479286 1.01622
0.479924 1.01622
0.480561 1.01726
0.481198 1.01726
0.481836 1.01437
0.482473 1.01437
0.48311 1.01472
0.483748 1.01799
0.484385 1.01799
0.485022 1.01836
0.48566 1.02005
0.486297 1.02005
0.486934 1.01841
0.487572 1.01841
0.488209 1.01803
0.488846 1.01803
0.489484 1.01691
0.490121 1.01834
0.490758 1.01749
0.491396 1.01923
0.492033 1.01937
0.49267 1.01937
0.493308 1.0201
0.493945 1.02012
0.494583 1.01889
0.49522 1.01889
0.495857 1.01747
0.496495 1.01882
0.497132 1.01709
0.497769 1.01767
0.498407 1.01787
0.499044 1.01787
0.499681 1.01812
0.500319 1.01877
0.500956 1.01913
0.501593 1.01971
0.502231 1.01873
0.502868 1.01906
0.503505 1.01821
0.504143 1.02066
0.50478 1.01888
0.505417 1.02011
0.506055 1.01817
0.506692 1.01856
0.50733 1.01615
0.507967 1.01538
0.508604 1.01551
0.509242 1.01758
0.509879 1.01758
0.510516 1.01886
0.511154 1.01914
0.511791 1.0202
0.512428 1.0202
0.513066 1.02041
0.513703 1.02049
0.51434 1.0224
0.514978 1.02298
0.515615 1.02107
0.516252 1.02233
0.51689 1.02233
0.517527 1.02257
0.518164 1.02237
0.518802 1.02273
0.519439 1.02136
0.520076 1.02136
0.520714 1.02044
0.521351 1.02048
0.521989 1.01995
0.522626 1.01995
0.523263 1.02106
0.523901 1.02106
0.524538 1.02022
0.525175 1.02186
0.525813 1.02046
0.52645 1.02051
0.527087 1.02165
0.527725 1.02228
0.528362 1.02182
0.528999 1.0231
0.529637 1.01986
0.530274 1.02161
0.530911 1.02623
0.531549 1.02776
0.532186 1.02852
0.532823 1.02895
0.533461 1.02993
0.534098 1.02993
0.534736 1.03056
0.535373 1.03135
0.53601 1.03247
0.536648 1.03367
0.537285 1.03134
0.537922 1.03172
0.53856 1.03119
0.539197 1.03383
0.539834 1.03106
0.540472 1.03155
0.541109 1.03109
0.541746 1.03114
0.542384 1.03184
0.543021 1.03184
0.543658 1.03021
0.544296 1.03079
0.544933 1.03279
0.54557 1.03279
0.546208 1.03305
0.546845 1.03423
0.547482 1.03073
0.54812 1.03073
0.548757 1.02968
0.549395 1.03359
0.550032 1.03374
0.550669 1.03374
0.551307 1.03639
0.551944 1.03594
0.552581 1.03657
0.553219 1.03792
0.553856 1.04031
0.554493 1.03951
0.555131 1.03951
0.555768 1.04024
0.556405 1.04289
0.557043 1.04315
0.55768 1.04315
0.558317 1.04314
0.558955 1.04401
0.559592 1.04401
0.560229 1.0444
0.560867 1.04246
0.561504 1.04581
0.562141 1.04698
0.562779 1.04698
0.563416 1.04589
0.564054 1.04714
0.564691 1.04679
0.565328 1.0477
0.565966 1.0477
0.566603 1.04901
0.56724 1.04811
0.567878 1.04909
0.568515 1.04508
0.569152 1.04585
0.56979 1.04686
0.570427 1.04724
0.571064 1.04646
0.571702 1.04687
0.572339 1.04555
0.572976 1.04647
0.573614 1.04756
0.574251 1.04756
0.574888 1.04693
0.575526 1.04742
0.576163 1.04995
0.576801 1.05009
0.577438 1.05012
0.578075 1.05012
0.578713 1.05004
0.57935 1.05032
0.579987 1.0492
0.580625 1.0492
0.581262 1.05049
0.581899 1.05214
0.582537 1.05003
0.583174 1.05003
0.583811 1.04992
0.584449 1.04996
0.585086 1.04826
0.585723 1.04892
0.586361 1.04763
0.586998 1.04918
0.587635 1.04918
0.588273 1.05002
0.58891 1.04869
0.589547 1.04914
0.590185 1.05156
0.590822 1.05227
0.59146 1.05184
0.592097 1.05334
0.592734 1.05206
0.593372 1.05253
0.594009 1.05082
0.594646 1.05132
0.595284 1.05106
0.595921 1.0521
0.596558 1.05082
0.597196 1.05117
0.597833 1.05
0.59847 1.05067
0.599108 1.05067
0.599745 1.05107
0.600382 1.0477
0.60102 1.0483
0.601657 1.04859
0.602294 1.04862
0.602932 1.04969
0.603569 1.04969
0.604207 1.05149
0.604844 1.05232
0.605481 1.05317
0.606119 1.0524
0.606756 1.05411
0.607393 1.05437
0.608031 1.05437
0.608668 1.05508
0.609305 1.05522
0.609943 1.0541
0.61058 1.057
0.611217 1.05746
0.611855 1.05851
0.612492 1.05558
0.613129 1.05763
0.613767 1.05576
0.614404 1.0572
0.615041 1.05596
0.615679 1.05878
0.616316 1.05884
0.616953 1.05884
0.617591 1.05869
0.618228 1.05899
0.618866 1.05877
0.619503 1.05877
0.62014 1.0627
0.620778 1.0627
0.621415 1.06212
0.622052 1.06343
0.62269 1.06045
0.623327 1.06045
0.623964 1.06022
0.624602 1.06452
0.625239 1.06482
0.625876 1.06506
0.626514 1.06506
0.627151 1.06653
0.627788 1.06745
0.628426 1.06745
0.629063 1.06661
0.6297 1.06789
0.630338 1.06835
0.630975 1.06835
0.631612 1.06957
0.63225 1.07068
0.632887 1.06901
0.633525 1.06901
0.634162 1.06917
0.634799 1.06917
0.635437 1.07055
0.636074 1.07055
0.636711 1.07063
0.637349 1.07148
0.637986 1.07002
0.638623 1.07426
0.639261 1.07386
0.639898 1.07425
0.640535 1.07337
0.641173 1.07715
0.64181 1.07716
0.642447 1.07716
0.643085 1.07725
0.643722 1.07767
0.644359 1.077
0.644997 1.077
0.645634 1.07887
0.646272 1.07887
0.646909 1.07876
0.647546 1.07905
0.648184 1.08469
0.648821 1.08469
0.649458 1.08443
0.650096 1.08591
0.650733 1.08739
0.65137 1.08837
0.652008 1.08675
0.652645 1.08981
0.653282 1.09241
0.65392 1.0916
0.654557 1.09188
0.655194 1.09164
0.655832 1.09291
0.656469 1.09389
0.657106 1.09389
0.657744 1.09376
0.658381 1.09396
0.659018 1.0915
0.659656 1.09511
0.660293 1.09471
0.660931 1.09519
0.661568 1.09646
0.662205 1.09706
0.662843 1.09586
0.66348 1.09642
0.664117 1.09581
0.664755 1.09581
0.665392 1.09572
0.666029 1.10289
0.666667 1.10289
0.667304 1.10315
0.667941 1.10309
0.668579 1.10309
0.669216 1.10331
0.669853 1.10869
0.670491 1.1117
0.671128 1.1117
0.671765 1.11543
0.672403 1.11674
0.67304 1.11551
0.673678 1.11942
0.674315 1.11964
0.674952 1.11964
0.67559 1.12299
0.676227 1.12381
0.676864 1.1214
0.677502 1.12275
0.678139 1.12244
0.678776 1.12439
0.679414 1.12447
0.680051 1.1263
0.680688 1.1247
0.681326 1.12777
0.681963 1.12657
0.6826 1.12662
0.683238 1.12871
0.683875 1.13
0.684512 1.13162
0.68515 1.13615
0.685787 1.13663
0.686424 1.13663
0.687062 1.13887
0.687699 1.14193
0.688337 1.14072
0.688974 1.14445
0.689611 1.14324
0.690249 1.14437
0.690886 1.14464
0.691523 1.151
0.692161 1.15403
0.692798 1.15404
0.693435 1.15123
0.694073 1.15649
0.69471 1.15449
0.695347 1.1569
0.695985 1.16197
0.696622 1.1656
0.697259 1.16698
0.697897 1.16698
0.698534 1.1666
0.699171 1.16875
0.699809 1.16794
0.700446 1.17079
0.701083 1.1763
0.701721 1.18301
0.702358 1.18423
0.702996 1.18423
0.703633 1.18539
0.70427 1.18927
0.704908 1.18931
0.705545 1.18849
0.706182 1.19675
0.70682 1.19723
0.707457 1.20006
0.708094 1.19801
0.708732 1.2005
0.709369 1.20133
0.710006 1.20526
0.710644 1.20485
0.711281 1.20842
0.711918 1.20968
0.712556 1.20968
0.713193 1.21323
0.71383 1.21552
0.714468 1.21626
0.715105 1.21635
0.715743 1.2147
0.71638 1.21839
0.717017 1.26315
0.717655 1.26667
0.718292 1.26624
0.718929 1.26923
0.719567 1.26997
0.720204 1.26997
0.720841 1.27004
0.721479 1.2701
0.722116 1.27488
0.722753 1.27512
0.723391 1.27465
0.724028 1.27465
0.724665 1.28244
0.725303 1.28244
0.72594 1.27637
0.726577 1.27664
0.727215 1.28748
0.727852 1.28789
0.728489 1.28594
0.729127 1.28594
0.729764 1.28699
0.730402 1.28728
0.731039 1.28686
0.731676 1.2873
0.732314 1.28781
0.732951 1.28781
0.733588 1.28788
0.734226 1.28932
0.734863 1.2887
0.7355 1.2887
0.736138 1.28888
0.736775 1.28916
0.737412 1.29036
0.73805 1.29036
0.738687 1.29275
0.739324 1.29345
0.739962 1.29345
0.740599 1.29379
0.741236 1.29167
0.741874 1.29172
0.742511 1.29214
0.743149 1.29214
0.743786 1.28994
0.744423 1.29049
0.745061 1.29049
0.745698 1.29058
0.746335 1.29132
0.746973 1.29185
0.74761 1.29001
0.748247 1.2901
0.748885 1.29222
0.749522 1.29222
0.750159 1.29188
0.750797 1.29188
0.751434 1.2911
0.752071 1.29258
0.752709 1.29293
0.753346 1.2948
0.753983 1.29526
0.754621 1.29526
0.755258 1.29603
0.755895 1.29603
0.756533 1.29442
0.75717 1.29464
0.757808 1.29491
0.758445 1.29491
0.759082 1.29495
0.75972 1.29487
0.760357 1.2964
0.760994 1.29704
0.761632 1.29819
0.762269 1.29695
0.762906 1.30065
0.763544 1.29942
0.764181 1.29964
0.764818 1.29594
0.765456 1.29614
0.766093 1.29614
0.76673 1.29637
0.767368 1.29596
0.768005 1.2961
0.768642 1.29611
0.76928 1.29893
0.769917 1.29887
0.770554 1.29902
0.771192 1.29694
0.771829 1.29728
0.772467 1.29606
0.773104 1.29635
0.773741 1.29553
0.774379 1.29673
0.775016 1.29633
0.775653 1.29668
0.776291 1.29629
0.776928 1.29802
0.777565 1.29721
0.778203 1.29837
0.77884 1.2967
0.779477 1.2967
0.780115 1.29528
0.780752 1.29654
0.781389 1.29605
0.782027 1.29605
0.782664 1.29898
0.783301 1.29962
0.783939 1.29882
0.784576 1.29916
0.785214 1.29888
0.785851 1.30019
0.786488 1.29918
0.787126 1.29928
0.787763 1.29951
0.7884 1.29951
0.789038 1.30003
0.789675 1.3027
0.790312 1.3027
0.79095 1.30569
0.791587 1.30409
0.792224 1.30597
0.792862 1.30337
0.793499 1.30359
0.794136 1.30319
0.794774 1.30401
0.795411 1.30581
0.796048 1.30692
0.796686 1.30698
0.797323 1.30732
0.79796 1.30652
0.798598 1.30777
0.799235 1.30525
0.799873 1.30525
0.80051 1.30739
0.801147 1.30802
0.801785 1.30575
0.802422 1.30583
0.803059 1.30543
0.803697 1.31204
0.804334 1.31126
0.804971 1.31126
0.805609 1.31301
0.806246 1.31325
0.806883 1.31354
0.807521 1.31354
0.808158 1.31378
0.808795 1.31597
0.809433 1.31565
0.81007 1.31565
0.810707 1.31115
0.811345 1.31373
0.811982 1.31394
0.81262 1.31476
0.813257 1.31489
0.813894 1.3141
0.814532 1.31825
0.815169 1.31861
0.815806 1.31861
0.816444 1.31907
0.817081 1.31914
0.817718 1.31718
0.818356 1.32282
0.818993 1.32436
0.81963 1.32447
0.820268 1.32652
0.820905 1.32652
0.821542 1.32663
0.82218 1.32663
0.822817 1.326
0.823454 1.32606
0.824092 1.32826
0.824729 1.32826
0.825366 1.32758
0.826004 1.32799
0.826641 1.3285
0.827279 1.3285
0.827916 1.3286
0.828553 1.33589
0.829191 1.33848
0.829828 1.33897
0.830465 1.3378
0.831103 1.33891
0.83174 1.34145
0.832377 1.34145
0.833015 1.34028
0.833652 1.34144
0.834289 1.34401
0.834927 1.34415
0.835564 1.34273
0.836201 1.34273
0.836839 1.34278
0.837476 1.344
0.838113 1.344
0.838751 1.34426
0.839388 1.34891
0.840025 1.35085
0.840663 1.35046
0.8413 1.35375
0.841938 1.35541
0.842575 1.35598
0.843212 1.35497
0.84385 1.35497
0.844487 1.35464
0.845124 1.3578
0.845762 1.35896
0.846399 1.35896
0.847036 1.3613
0.847674 1.36317
0.848311 1.36278
0.848948 1.3637
0.849586 1.36254
0.850223 1.36254
0.85086 1.36414
0.851498 1.36461
0.852135 1.362
0.852772 1.36315
0.85341 1.36329
0.854047 1.36329
0.854685 1.36821
0.855322 1.36821
0.855959 1.36807
0.856597 1.36915
0.857234 1.37132
0.857871 1.37132
0.858509 1.37166
0.859146 1.37662
0.859783 1.37847
0.860421 1.37947
0.861058 1.37791
0.861695 1.37906
0.862333 1.38826
0.86297 1.38858
0.863607 1.38741
0.864245 1.38763
0.864882 1.39043
0.865519 1.39052
0.866157 1.39013
0.866794 1.39061
0.867431 1.39741
0.868069 1.40301
0.868706 1.40095
0.869344 1.40095
0.869981 1.40016
0.870618 1.40726
0.871256 1.40569
0.871893 1.4062
0.87253 1.41338
0.873168 1.413
0.873805 1.413
0.874442 1.41413
0.87508 1.41465
0.875717 1.41514
0.876354 1.41514
0.876992 1.41719
0.877629 1.41861
0.878266 1.42586
0.878904 1.42586
0.879541 1.4306
0.880178 1.43177
0.880816 1.4321
0.881453 1.4321
0.882091 1.43173
0.882728 1.43668
0.883365 1.4347
0.884003 1.43708
0.88464 1.43602
0.885277 1.44059
0.885915 1.44153
0.886552 1.44153
0.887189 1.44888
0.887827 1.48033
0.888464 1.47912
0.889101 1.47987
0.889739 1.47868
0.890376 1.47953
0.891013 1.47824
0.891651 1.47824
0.892288 1.47887
0.892925 1.5157
0.893563 1.52633
0.8942 1.52633
0.894837 1.53634
0.895475 1.65242
0.896112 1.65261
0.89675 1.65261
0.897387 1.6534
0.898024 1.65646
0.898662 1.65547
0.899299 1.65547
0.899936 1.65562
0.900574 1.66018
0.901211 1.65922
0.901848 1.65922
0.902486 1.65875
0.903123 1.68957
0.90376 1.68829
0.904398 1.68829
0.905035 1.68702
0.905672 2.24202
0.90631 2.24143
0.906947 2.24143
0.907584 2.24143
0.908222 2.24296
0.908859 2.23877
0.909496 2.2399
0.910134 2.23932
0.910771 2.23932
0.911409 2.23875
0.912046 2.2398
0.912683 2.23805
0.913321 2.24118
0.913958 2.23826
0.914595 2.23826
0.915233 2.23653
0.91587 2.23684
0.916507 2.23684
0.917145 2.24034
0.917782 2.24038
0.918419 2.24091
0.919057 2.24109
0.919694 2.24149
0.920331 2.23912
0.920969 2.23992
0.921606 2.2346
0.922243 2.23476
0.922881 2.23498
0.923518 2.23501
0.924156 2.23329
0.924793 2.23508
0.92543 2.23214
0.926068 2.23235
0.926705 2.23118
0.927342 2.23222
0.92798 2.22932
0.928617 2.23086
0.929254 2.22633
0.929892 2.22671
0.930529 2.22671
0.931166 2.22869
0.931804 2.22811
0.932441 2.22724
0.933078 2.22729
0.933716 2.22918
0.934353 2.22918
0.93499 2.22704
0.935628 2.22714
0.936265 2.22855
0.936902 2.22878
0.93754 2.22937
0.938177 2.22937
0.938815 2.22973
0.939452 2.22973
0.940089 2.22773
0.940727 2.22827
0.941364 2.22924
0.942001 2.22924
0.942639 2.22793
0.943276 2.22841
0.943913 2.23003
0.944551 2.2307
0.945188 2.22945
0.945825 2.22945
0.946463 2.23113
0.9471 2.23113
0.947737 2.22941
0.948375 2.22963
0.949012 2.23223
0.949649 2.23223
0.950287 2.23156
0.950924 2.23205
0.951562 2.22916
0.952199 2.2295
0.952836 2.23014
0.953474 2.23014
0.954111 2.23351
0.954748 2.23351
0.955386 2.23356
0.956023 2.23451
0.95666 2.23049
0.957298 2.23053
0.957935 2.23053
0.958572 2.23056
0.95921 2.23526
0.959847 2.23526
0.960484 2.2353
0.961122 2.23569
0.961759 2.23749
0.962396 2.23749
0.963034 2.23155
0.963671 2.23202
0.964308 2.23662
0.964946 2.23662
0.965583 2.23442
0.966221 2.23457
0.966858 2.24118
0.967495 2.24134
0.968133 2.23939
0.96877 2.23939
0.969407 2.24051
0.970045 2.24051
0.970682 2.24011
0.971319 2.24121
0.971957 2.25124
0.972594 2.25132
0.973231 2.25144
0.973869 2.25144
0.974506 2.25367
0.975143 2.25391
0.975781 2.25481
0.976418 2.25481
0.977055 2.25384
0.977693 2.25384
0.97833 2.2499
0.978967 2.25001
0.979605 2.25433
0.980242 2.25433
0.98088 2.25344
0.981517 2.25348
0.982154 2.28528
0.982792 2.28743
0.983429 2.28461
0.984066 2.28646
0.984704 2.28846
0.985341 2.29027
0.985978 2.28857
0.986616 2.29017
0.987253 2.39784
0.98789 2.40081
0.988528 2.39963
0.989165 2.4025
0.989802 2.40038
0.99044 2.40069
0.991077 2.40069
0.991714 2.40081
0.992352 2.40954
0.992989 2.40998
0.993627 2.40821
0.994264 2.40891
0.994901 2.409
0.995539 2.41039
0.996176 2.40863
0.996813 2.40843
0.997451 2.97277
0.998088 2.97788
0.998725 2.97788
0.999363 2.98305
