0 1.00023
0.000711744 1.00021
0.00142349 1.00029
0.00213523 1.00038
0.00284698 1.00058
0.00355872 1.0009
0.00427046 1.00095
0.00498221 1.00112
0.00569395 1.00014
0.00640569 1.00022
0.00711744 1.00048
0.00782918 1.00021
0.00854093 1.00033
0.00925267 1.00009
0.00996441 1.00011
0.0106762 1.00012
0.0113879 1.00032
0.0120996 1.00031
0.0128114 1.00038
0.0135231 1.00002
0.0142349 1.00005
0.0149466 1.00063
0.0156584 1.00065
0.0163701 1.00075
0.0170819 1.00082
0.0177936 1.00158
0.0185053 1.00007
0.0192171 1.00017
0.0199288 1.00059
0.0206406 1.00061
0.0213523 1
0.0220641 1.00021
0.0227758 1.00037
0.0234875 1.00002
0.0241993 1.00023
0.024911 1.00023
0.0256228 1.00037
0.0263345 1.00002
0.0270463 1.00026
0.027758 1.00058
0.0284698 1.00064
0.0291815 1
0.0298932 1.00002
0.030605 1.00017
0.0313167 1.00023
0.0320285 1.00024
0.0327402 1.00034
0.033452 1.0011
0.0341637 1.00009
0.0348754 1.00014
0.0355872 1.00006
0.0362989 1.00027
0.0370107 1
0.0377224 1.00004
0.0384342 1.0005
0.0391459 1.00077
0.0398577 1.00006
0.0405694 1.00008
0.0412811 1.00119
0.0419929 1.00163
0.0427046 1.00012
0.0434164 1.00018
0.0441281 1.00011
0.0448399 1.00092
0.0455516 1.00008
0.0462633 1.00009
0.0469751 1.00009
0.0476868 1.00003
0.0483986 1.00032
0.0491103 1.00014
0.0498221 1.00024
0.0505338 1.00022
0.0512456 1.00043
0.0519573 1.00032
0.052669 1.00099
0.0533808 1.00016
0.0540925 1.0002
0.0548043 1.00003
0.055516 1.00006
0.0562278 1.00001
0.0569395 1.00009
0.0576512 1.00099
0.058363 1.00103
0.0590747 1.00012
0.0597865 1.00019
0.0604982 1.00011
0.06121 1.00017
0.0619217 1.0003
0.0626335 1.0004
0.0633452 1.00002
0.0640569 1
0.0647687 1
0.0654804 1.00016
0.0661922 1.00064
0.0669039 1
0.0676157 1.00086
0.0683274 1
0.0690391 1.00003
0.0697509 1.00003
0.0704626 1.00006
0.0711744 1.00057
0.0718861 1.00078
0.0725979 1.0001
0.0733096 1.00019
0.0740214 1.00101
0.0747331 1.00141
0.0754448 1.00016
0.0761566 1.00018
0.0768683 1.00044
0.0775801 1.00047
0.0782918 1.00018
0.0790036 1.00021
0.0797153 1.00002
0.080427 1.0001
0.0811388 1.00085
0.0818505 1.00001
0.0825623 1.00017
0.083274 1.00056
0.0839858 1.00081
0.0846975 1
0.0854093 1.00001
0.086121 1.0002
0.0868327 1.00036
0.0875445 1.00036
0.0882562 1.00039
0.088968 1.00002
0.0896797 1.00028
0.0903915 1.00045
0.0911032 1.00117
0.0918149 1.00055
0.0925267 1.00071
0.0932384 1
0.0939502 1.00001
0.0946619 1.00007
0.0953737 1.0001
0.0960854 1.00017
0.0967972 1.00027
0.0975089 1.00013
0.0982206 1.00038
0.0989324 1.00014
0.0996441 1.00022
0.100356 1.00001
0.101068 1.0003
0.101779 1.00052
0.102491 0.999999
0.103203 1.00028
0.103915 1.00011
0.104626 1.00014
0.105338 1.00038
0.10605 1.0004
0.106762 1.00003
0.107473 1.00012
0.108185 1.00004
0.108897 1.00006
0.109609 1.00001
0.11032 1.00019
0.111032 1.00004
0.111744 1.00008
0.112456 1.00019
0.113167 1.00024
0.113879 1.00051
0.114591 1.00056
0.115302 1.00063
0.116014 1.00073
0.116726 1.0013
0.117438 1.00139
0.118149 1.00001
0.118861 1.00055
0.119573 1.00007
0.120285 1.00011
0.120996 1.00048
0.121708 1.00055
0.12242 1.00011
0.123132 1.00012
0.123843 1.00005
0.124555 1.00026
0.125267 1.00077
0.125979 1.0001
0.12669 1.00018
0.127402 0.999975
0.128114 1.00001
0.128826 1.00088
0.129537 1.00165
0.130249 1.00032
0.130961 1.00041
0.131673 1.00001
0.132384 1.00001
0.133096 1.00043
0.133808 1.00056
0.13452 1.00094
0.135231 1.00099
0.135943 1.00002
0.136655 1.00004
0.137367 1.00022
0.138078 1.00023
0.13879 1.0002
0.139502 1.00026
0.140214 1.00012
0.140925 1.00018
0.141637 1.00022
0.142349 1.00024
0.14306 1.00026
0.143772 1.00031
0.144484 1.00027
0.145196 1.00036
0.145907 1.00007
0.146619 1.00011
0.147331 1.00015
0.148043 1.00001
0.148754 1.00009
0.149466 1.00042
0.150178 1.00046
0.15089 1.0001
0.151601 1.00041
0.152313 1.00059
0.153025 1.00067
0.153737 1.00002
0.154448 1.00039
0.15516 1.00028
0.155872 1.00043
0.156584 1.0001
0.157295 1.00013
0.158007 1.00024
0.158719 1.00025
0.159431 1.00051
0.160142 1.00081
0.160854 1.00026
0.161566 1.00039
0.162278 1.00041
0.162989 1.00055
0.163701 1.00008
0.164413 1.00012
0.165125 1.00007
0.165836 1.00012
0.166548 1.00009
0.16726 1.00009
0.167972 1.00066
0.168683 1.00079
0.169395 1.0009
0.170107 1.00096
0.170819 1.00136
0.17153 1.00165
0.172242 1.00054
0.172954 1.00055
0.173665 1.0001
0.174377 1.00019
0.175089 1.00008
0.175801 1.00028
0.176512 1.00033
0.177224 0.99998
0.177936 1.00003
0.178648 1.00029
0.179359 1.00057
0.180071 1.00005
0.180783 1.00015
0.181495 1.00089
0.182206 1.00113
0.182918 1.00027
0.18363 1.0003
0.184342 1.00006
0.185053 1.00031
0.185765 1.00048
0.186477 1.0012
0.187189 1.00075
0.1879 1.00086
0.188612 1.00008
0.189324 1.00024
0.190036 1.00108
0.190747 1.00118
0.191459 1.00004
0.192171 1.0001
0.192883 0.999996
0.193594 1.00053
0.194306 1.00072
0.195018 1.0009
0.19573 1.00015
0.196441 1.00024
0.197153 1.00001
0.197865 1.00006
0.198577 1.00061
0.199288 1.00065
0.2 1.00094
0.200712 1.00102
0.201423 1.00013
0.202135 1.00037
0.202847 1.00025
0.203559 1.00033
0.20427 1.00014
0.204982 1.00032
0.205694 1.00048
0.206406 1.00065
0.207117 1.00067
0.207829 0.999812
0.208541 0.99997
0.209253 1.00137
0.209964 1.00143
0.210676 1.00085
0.211388 1.00087
0.2121 1.00049
0.212811 1.00062
0.213523 1.00091
0.214235 1.00092
0.214947 1.00011
0.215658 1.00028
0.21637 1.00051
0.217082 1.00059
0.217794 1.00102
0.218505 1.00106
0.219217 1.00017
0.219929 1.00023
0.220641 1.00011
0.221352 1.0005
0.222064 1.00007
0.222776 1.00023
0.223488 1.00076
0.224199 1.00078
0.224911 1.00104
0.225623 1.00113
0.226335 1.00002
0.227046 1.00006
0.227758 1.00082
0.22847 1.0009
0.229181 1.00023
0.229893 1.0003
0.230605 1.002
0.231317 1.00213
0.232028 1.00004
0.23274 1.00013
0.233452 1.0023
0.234164 1.00262
0.234875 1.00093
0.235587 1.00095
0.236299 1.00011
0.237011 1.00159
0.237722 1.0017
0.238434 0.999998
0.239146 1.00013
0.239858 1.00118
0.240569 1.00126
0.241281 1.00037
0.241993 1.00055
0.242705 1.00035
0.243416 1.00044
0.244128 1.0006
0.24484 1.00066
0.245552 1.00102
0.246263 1.00186
0.246975 0.999776
0.247687 1.00008
0.248399 1.00191
0.24911 1.00198
0.249822 0.999559
0.250534 0.999605
0.251246 1.00068
0.251957 1.00073
0.252669 1.00062
0.253381 1.00068
0.254093 1.0002
0.254804 1.00025
0.255516 1.00242
0.256228 1.00245
0.25694 1.00242
0.257651 1.00247
0.258363 1.00134
0.259075 1.00148
0.259786 1.00014
0.260498 1.00025
0.26121 1.00205
0.261922 1.00207
0.262633 1.00087
0.263345 1.00089
0.264057 1.0024
0.264769 1.00241
0.26548 0.999863
0.266192 0.999874
0.266904 1.00131
0.267616 1.00143
0.268327 1.00218
0.269039 1.00219
0.269751 0.999948
0.270463 0.999812
0.271174 0.99985
0.271886 0.999675
0.272598 1.00036
0.27331 1.00139
0.274021 1.00142
0.274733 1.00085
0.275445 1.00102
0.276157 1.00139
0.276868 1.00189
0.27758 0.999986
0.278292 1.00036
0.279004 1.00352
0.279715 1.00365
0.280427 1.00214
0.281139 1.00215
0.281851 1.00265
0.282562 1.00278
0.283274 1.00245
0.283986 1.00248
0.284698 1.00147
0.285409 1.00169
0.286121 0.999769
0.286833 0.999841
0.287544 0.99983
0.288256 0.999946
0.288968 1.00257
0.28968 1.0026
0.290391 0.999986
0.291103 1.00004
0.291815 1.00082
0.292527 1.00094
0.293238 1.00298
0.29395 1.00307
0.294662 1.00063
0.295374 1.00073
0.296085 1.00107
0.296797 1.00116
0.297509 1.00132
0.298221 1.00134
0.298932 1.0022
0.299644 1.00223
0.300356 1.0006
0.301068 1.00062
0.301779 1.00081
0.302491 1.00139
0.303203 1.00099
0.303915 1.00164
0.304626 1.00207
0.305338 1.00497
0.30605 1.00502
0.306762 1.00522
0.307473 1.00528
0.308185 1.00189
0.308897 1.00212
0.309609 1.00355
0.31032 1.00358
0.311032 1.00532
0.311744 1.00537
0.312456 1.00777
0.313167 1.0078
0.313879 1.00324
0.314591 1.00379
0.315302 1.00303
0.316014 1.00311
0.316726 1.00618
0.317438 1.00678
0.318149 1.00433
0.318861 1.00434
0.319573 1.00506
0.320285 1.00516
0.320996 1.00119
0.321708 1.00121
0.32242 1.00183
0.323132 1.00205
0.323843 1.00086
0.324555 1.00114
0.325267 1.00329
0.325979 1.00332
0.32669 1.00401
0.327402 1.00412
0.328114 0.999461
0.328826 0.999498
0.329537 1.00309
0.330249 1.00342
0.330961 1.00389
0.331673 1.00392
0.332384 1.00527
0.333096 1.00545
0.333808 1.00518
0.33452 1.00522
0.335231 1.00537
0.335943 1.00541
0.336655 1.0037
0.337367 1.00392
0.338078 1.00405
0.33879 1.00433
0.339502 1.00238
0.340214 1.00714
0.340925 1.00639
0.341637 1.00699
0.342349 1.00214
0.34306 1.00069
0.343772 1.00111
0.344484 1.00256
0.345196 1.00263
0.345907 1.00395
0.346619 1.00399
0.347331 1.00277
0.348043 1.00298
0.348754 1.00234
0.349466 1.00266
0.350178 1.00688
0.35089 1.00698
0.351601 1.00469
0.352313 1.00473
0.353025 1.00123
0.353737 1.00131
0.354448 1.00118
0.35516 1.00124
0.355872 1.0051
0.356584 1.00532
0.357295 1.00395
0.358007 1.00435
0.358719 1.00454
0.359431 1.00461
0.360142 1.00326
0.360854 1.00515
0.361566 1.00648
0.362278 1.0065
0.362989 1.0049
0.363701 1.00494
0.364413 1.00661
0.365125 1.00691
0.365836 1.00581
0.366548 1.00585
0.36726 1.00664
0.367972 1.00675
0.368683 1.00457
0.369395 1.00478
0.370107 1.00123
0.370819 1.00179
0.37153 1.00664
0.372242 1.00671
0.372954 1.0062
0.373665 1.00626
0.374377 1.00723
0.375089 1.00727
0.375801 1.00444
0.376512 1.00446
0.377224 1.00468
0.377936 1.00476
0.378648 1.00666
0.379359 1.0069
0.380071 1.00204
0.380783 1.00352
0.381495 1.00231
0.382206 1.00177
0.382918 1.00307
0.38363 1.00239
0.384342 1.00263
0.385053 1.00376
0.385765 1.00388
0.386477 1.00465
0.387189 1.00471
0.3879 1.00559
0.388612 1.0056
0.389324 1.00811
0.390036 1.00854
0.390747 1.01008
0.391459 1.01012
0.392171 1.00777
0.392883 1.00798
0.393594 1.00857
0.394306 1.00859
0.395018 1.00869
0.39573 1.00929
0.396441 1.00615
0.397153 1.00632
0.397865 1.00664
0.398577 1.00669
0.399288 1.00701
0.4 1.00714
0.400712 1.00535
0.401423 1.00536
0.402135 1.0058
0.402847 1.00581
0.403559 1.00421
0.40427 1.00435
0.404982 1.00618
0.405694 1.0062
0.406406 1.004
0.407117 1.00415
0.407829 1.00493
0.408541 1.00503
0.409253 1.00385
0.409964 1.00393
0.410676 1.00469
0.411388 1.00621
0.4121 1.0056
0.412811 1.0075
0.413523 1.00659
0.414235 1.00664
0.414947 1.00723
0.415658 1.00825
0.41637 1.00627
0.417082 1.00664
0.417794 1.00687
0.418505 1.00741
0.419217 1.00724
0.419929 1.00921
0.420641 1.00613
0.421352 1.00674
0.422064 1.00694
0.422776 1.00746
0.423488 1.00753
0.424199 1.00987
0.424911 1.00805
0.425623 1.00833
0.426335 1.00646
0.427046 1.00685
0.427758 1.00722
0.42847 1.00681
0.429181 1.00686
0.429893 1.01195
0.430605 1.01241
0.431317 1.0102
0.432028 1.01105
0.43274 1.01048
0.433452 1.01056
0.434164 1.01025
0.434875 1.01162
0.435587 1.0072
0.436299 1.00785
0.437011 1.00664
0.437722 1.0067
0.438434 1.00852
0.439146 1.00856
0.439858 1.0107
0.440569 1.01136
0.441281 1.00647
0.441993 1.00839
0.442705 1.00729
0.443416 1.00732
0.444128 1.0081
0.44484 1.00822
0.445552 1.00475
0.446263 1.00478
0.446975 1.00478
0.447687 1.00493
0.448399 1.00342
0.44911 1.00441
0.449822 1.00856
0.450534 1.00859
0.451246 1.01111
0.451957 1.01115
0.452669 1.01067
0.453381 1.01087
0.454093 1.01055
0.454804 1.01306
0.455516 1.01308
0.456228 1.01346
0.45694 1.01477
0.457651 1.01554
0.458363 1.01586
0.459075 1.01707
0.459786 1.01549
0.460498 1.01596
0.46121 1.01217
0.461922 1.01219
0.462633 1.01225
0.463345 1.01233
0.464057 1.01232
0.464769 1.01238
0.46548 1.01089
0.466192 1.01089
0.466904 1.01071
0.467616 1.01077
0.468327 1.00849
0.469039 1.00905
0.469751 1.00836
0.470463 1.00843
0.471174 1.0089
0.471886 1.00779
0.472598 1.0112
0.47331 1.01126
0.474021 1.01382
0.474733 1.01102
0.475445 1.01106
0.476157 1.01256
0.476868 1.01411
0.47758 1.00964
0.478292 1.01202
0.479004 1.01098
0.479715 1.01123
0.480427 1.01123
0.481139 1.01126
0.481851 1.01226
0.482562 1.01368
0.483274 1.01256
0.483986 1.01326
0.484698 1.01271
0.485409 1.01313
0.486121 1.01387
0.486833 1.01399
0.487544 1.01305
0.488256 1.01308
0.488968 1.01048
0.48968 1.01138
0.490391 1.01137
0.491103 1.01141
0.491815 1.00819
0.492527 1.00831
0.493238 1.00741
0.49395 1.00783
0.494662 1.00878
0.495374 1.0088
0.496085 1.01123
0.496797 1.01238
0.497509 1.01258
0.498221 1.01259
0.498932 1.01403
0.499644 1.01462
0.500356 1.01312
0.501068 1.01476
0.501779 1.01329
0.502491 1.0133
0.503203 1.0137
0.503915 1.01393
0.504626 1.01301
0.505338 1.01324
0.50605 1.0108
0.506762 1.01092
0.507473 1.01116
0.508185 1.0112
0.508897 1.00916
0.509609 1.00946
0.51032 1.00914
0.511032 1.00921
0.511744 1.0075
0.512456 1.00752
0.513167 1.00838
0.513879 1.00841
0.514591 1.00951
0.515302 1.0105
0.516014 1.01
0.516726 1.01033
0.517438 1.01483
0.518149 1.01526
0.518861 1.01443
0.519573 1.01615
0.520285 1.01624
0.520996 1.01669
0.521708 1.01688
0.52242 1.01614
0.523132 1.01616
0.523843 1.01724
0.524555 1.01797
0.525267 1.01691
0.525979 1.01692
0.52669 1.01655
0.527402 1.01725
0.528114 1.01576
0.528826 1.01621
0.529537 1.01951
0.530249 1.01971
0.530961 1.02037
0.531673 1.02122
0.532384 1.02128
0.533096 1.02292
0.533808 1.01756
0.53452 1.01886
0.535231 1.01734
0.535943 1.01756
0.536655 1.01866
0.537367 1.01872
0.538078 1.01578
0.53879 1.01603
0.539502 1.01553
0.540214 1.01843
0.540925 1.01843
0.541637 1.01937
0.542349 1.02058
0.54306 1.0206
0.543772 1.01995
0.544484 1.02003
0.545196 1.01954
0.545907 1.01957
0.546619 1.01809
0.547331 1.01926
0.548043 1.01781
0.548754 1.01938
0.549466 1.02055
0.550178 1.02058
0.55089 1.0211
0.551601 1.02112
0.552313 1.01982
0.553025 1.01983
0.553737 1.01813
0.554448 1.01988
0.55516 1.01817
0.555872 1.01873
0.556584 1.0188
0.557295 1.01992
0.558007 1.02008
0.558719 1.02077
0.559431 1.02087
0.560142 1.02152
0.560854 1.02055
0.561566 1.02098
0.562278 1.02037
0.562989 1.02096
0.563701 1.0192
0.564413 1.02075
0.565125 1.01882
0.565836 1.0198
0.566548 1.0174
0.56726 1.01693
0.567972 1.01698
0.568683 1.01906
0.569395 1.01909
0.570107 1.01918
0.570819 1.02019
0.57153 1.02129
0.572242 1.02175
0.572954 1.02179
0.573665 1.02184
0.574377 1.0231
0.575089 1.02334
0.575801 1.02146
0.576512 1.02339
0.577224 1.02443
0.577936 1.02447
0.578648 1.02459
0.579359 1.02484
0.580071 1.02285
0.580783 1.02287
0.581495 1.02173
0.582206 1.0223
0.582918 1.02137
0.58363 1.02218
0.584342 1.02271
0.585053 1.02279
0.585765 1.02178
0.586477 1.023
0.587189 1.0216
0.5879 1.02162
0.588612 1.02413
0.589324 1.02418
0.590036 1.0245
0.590747 1.02458
0.591459 1.02151
0.592171 1.02269
0.592883 1.02691
0.593594 1.02851
0.594306 1.02881
0.595018 1.02924
0.59573 1.03051
0.596441 1.03053
0.597153 1.03087
0.597865 1.03404
0.598577 1.03462
0.599288 1.03559
0.6 1.03409
0.600712 1.0341
0.601423 1.03278
0.602135 1.03433
0.602847 1.03343
0.603559 1.03345
0.60427 1.03308
0.604982 1.03354
0.605694 1.03391
0.606406 1.03392
0.607117 1.03219
0.607829 1.03234
0.608541 1.03454
0.609253 1.03458
0.609964 1.035
0.610676 1.03506
0.611388 1.03236
0.6121 1.03386
0.612811 1.03087
0.613523 1.03398
0.614235 1.03403
0.614947 1.03645
0.615658 1.0371
0.61637 1.03677
0.617082 1.03915
0.617794 1.03897
0.618505 1.04097
0.619217 1.04111
0.619929 1.04117
0.620641 1.04092
0.621352 1.04321
0.622064 1.0467
0.622776 1.04671
0.623488 1.04577
0.624199 1.04718
0.624911 1.04859
0.625623 1.04861
0.626335 1.04654
0.627046 1.04663
0.627758 1.04773
0.62847 1.04776
0.629181 1.04817
0.629893 1.0485
0.630605 1.04857
0.631317 1.05099
0.632028 1.05101
0.63274 1.05165
0.633452 1.05253
0.634164 1.05255
0.634875 1.05092
0.635587 1.05152
0.636299 1.05188
0.637011 1.05195
0.637722 1.05592
0.638434 1.05607
0.639146 1.05475
0.639858 1.05571
0.640569 1.05621
0.641281 1.05813
0.641993 1.05684
0.642705 1.05795
0.643416 1.05774
0.644128 1.05822
0.64484 1.05473
0.645552 1.05599
0.646263 1.05731
0.646975 1.05765
0.647687 1.05639
0.648399 1.0564
0.64911 1.05868
0.649822 1.05904
0.650534 1.05701
0.651246 1.05976
0.651957 1.05847
0.652669 1.05999
0.653381 1.0585
0.654093 1.05888
0.654804 1.0579
0.655516 1.05846
0.656228 1.05894
0.65694 1.05917
0.657651 1.05832
0.658363 1.05834
0.659075 1.05807
0.659786 1.05813
0.660498 1.05774
0.66121 1.05923
0.661922 1.05814
0.662633 1.0587
0.663345 1.057
0.664057 1.05703
0.664769 1.05667
0.66548 1.05737
0.666192 1.05907
0.666904 1.05962
0.667616 1.05791
0.668327 1.05827
0.669039 1.05896
0.669751 1.05992
0.670463 1.05764
0.671174 1.05803
0.671886 1.05761
0.672598 1.05798
0.67331 1.058
0.674021 1.05892
0.674733 1.05936
0.675445 1.05858
0.676157 1.05931
0.676868 1.05828
0.67758 1.05832
0.678292 1.06041
0.679004 1.06176
0.679715 1.06325
0.680427 1.06408
0.681139 1.06287
0.681851 1.06569
0.682562 1.06573
0.683274 1.06816
0.683986 1.06522
0.684698 1.06749
0.685409 1.06521
0.686121 1.06528
0.686833 1.06412
0.687544 1.06481
0.688256 1.06506
0.688968 1.06693
0.68968 1.06633
0.690391 1.06633
0.691103 1.0673
0.691815 1.06852
0.692527 1.06858
0.693238 1.06861
0.69395 1.06964
0.694662 1.07052
0.695374 1.06853
0.696085 1.06856
0.696797 1.06826
0.697509 1.06993
0.698221 1.07
0.698932 1.07061
0.699644 1.07367
0.700356 1.07368
0.701068 1.07331
0.701779 1.07522
0.702491 1.07358
0.703203 1.07362
0.703915 1.07389
0.704626 1.07395
0.705338 1.07444
0.70605 1.07445
0.706762 1.07312
0.707473 1.07438
0.708185 1.07485
0.708897 1.07488
0.709609 1.07584
0.71032 1.07606
0.711032 1.07906
0.711744 1.07909
0.712456 1.07784
0.713167 1.07883
0.713879 1.07847
0.714591 1.07893
0.715302 1.08305
0.716014 1.08554
0.716726 1.08562
0.717438 1.08562
0.718149 1.0878
0.718861 1.08842
0.719573 1.08558
0.720285 1.08562
0.720996 1.085
0.721708 1.08504
0.72242 1.08669
0.723132 1.08671
0.723843 1.08688
0.724555 1.09109
0.725267 1.09214
0.725979 1.09351
0.72669 1.09486
0.727402 1.09649
0.728114 1.09517
0.728826 1.09521
0.729537 1.09572
0.730249 1.09629
0.730961 1.09961
0.731673 1.09831
0.732384 1.09834
0.733096 1.09917
0.733808 1.09917
0.73452 1.10084
0.735231 1.10263
0.735943 1.10032
0.736655 1.10134
0.737367 1.10098
0.738078 1.10219
0.73879 1.10282
0.739502 1.10284
0.740214 1.10201
0.740925 1.10297
0.741637 1.10344
0.742349 1.10507
0.74306 1.1047
0.743772 1.10681
0.744484 1.10683
0.745196 1.11036
0.745907 1.11201
0.746619 1.11216
0.747331 1.11098
0.748043 1.11231
0.748754 1.12076
0.749466 1.1215
0.750178 1.12155
0.75089 1.12539
0.751601 1.12707
0.752313 1.12802
0.753025 1.12868
0.753737 1.12873
0.754448 1.12856
0.75516 1.13128
0.755872 1.13007
0.756584 1.13011
0.757295 1.13069
0.758007 1.13071
0.758719 1.132
0.759431 1.13239
0.760142 1.13205
0.760854 1.13293
0.761566 1.13357
0.762278 1.13357
0.762989 1.1355
0.763701 1.13569
0.764413 1.13752
0.765125 1.14093
0.765836 1.14095
0.766548 1.14269
0.76726 1.14472
0.767972 1.14791
0.768683 1.14671
0.769395 1.1516
0.770107 1.15074
0.770819 1.15079
0.77153 1.15157
0.772242 1.15761
0.772954 1.16038
0.773665 1.16105
0.774377 1.15823
0.775089 1.16416
0.775801 1.16231
0.776512 1.16235
0.777224 1.16626
0.777936 1.1706
0.778648 1.1706
0.779359 1.17216
0.780071 1.17426
0.780783 1.1751
0.781495 1.17432
0.782206 1.17686
0.782918 1.17992
0.78363 1.18672
0.784342 1.19064
0.785053 1.19065
0.785765 1.19643
0.786477 1.19827
0.787189 1.19941
0.7879 1.19864
0.788612 1.20531
0.789324 1.20642
0.790036 1.20694
0.790747 1.2049
0.791459 1.20943
0.792171 1.20984
0.792883 1.21667
0.793594 1.21629
0.794306 1.21659
0.795018 1.21643
0.79573 1.21645
0.796441 1.21948
0.797153 1.22507
0.797865 1.22366
0.798577 1.22367
0.799288 1.22243
0.8 1.2287
0.800712 1.27386
0.801423 1.27386
0.802135 1.27395
0.802847 1.27397
0.803559 1.2755
0.80427 1.2756
0.804982 1.27563
0.805694 1.27563
0.806406 1.28296
0.807117 1.28401
0.807829 1.28315
0.808541 1.28371
0.809253 1.28405
0.809964 1.28545
0.810676 1.27905
0.811388 1.28064
0.8121 1.28842
0.812811 1.28884
0.813523 1.28695
0.814235 1.28696
0.814947 1.28748
0.815658 1.28768
0.81637 1.28928
0.817082 1.28939
0.817794 1.28889
0.818505 1.28898
0.819217 1.29053
0.819929 1.29113
0.820641 1.28947
0.821352 1.29071
0.822064 1.29364
0.822776 1.29367
0.823488 1.29316
0.824199 1.29415
0.824911 1.2942
0.825623 1.29429
0.826335 1.29498
0.827046 1.29508
0.827758 1.29305
0.82847 1.29315
0.829181 1.29409
0.829893 1.29425
0.830605 1.29138
0.831317 1.29156
0.832028 1.29164
0.83274 1.29185
0.833452 1.29306
0.834164 1.29387
0.834875 1.29175
0.835587 1.29181
0.836299 1.29429
0.837011 1.29484
0.837722 1.29424
0.838434 1.29442
0.839146 1.29509
0.839858 1.2954
0.840569 1.29694
0.841281 1.29715
0.841993 1.29773
0.842705 1.2978
0.843416 1.29955
0.844128 1.29978
0.84484 1.29648
0.845552 1.29649
0.846263 1.29846
0.846975 1.29904
0.847687 1.29841
0.848399 1.29798
0.84911 1.29911
0.849822 1.29943
0.850534 1.30196
0.851246 1.30076
0.851957 1.30094
0.852669 1.29971
0.853381 1.29992
0.854093 1.29623
0.854804 1.29651
0.855516 1.29653
0.856228 1.29881
0.85694 1.29936
0.857651 1.29967
0.858363 1.30002
0.859075 1.30035
0.859786 1.29968
0.860498 1.29979
0.86121 1.29786
0.861922 1.29876
0.862633 1.29773
0.863345 1.29799
0.864057 1.29679
0.864769 1.29773
0.86548 1.29743
0.866192 1.30067
0.866904 1.30038
0.867616 1.30042
0.868327 1.29969
0.869039 1.30028
0.869751 1.29832
0.870463 1.29871
0.871174 1.29994
0.871886 1.30146
0.872598 1.30029
0.87331 1.30061
0.874021 1.29987
0.874733 1.30204
0.875445 1.30143
0.876157 1.30192
0.876868 1.30156
0.87758 1.30162
0.878292 1.30014
0.879004 1.30244
0.879715 1.30255
0.880427 1.3053
0.881139 1.30601
0.881851 1.30842
0.882562 1.30847
0.883274 1.30854
0.883986 1.30709
0.884698 1.30773
0.885409 1.30743
0.886121 1.30869
0.886833 1.30846
0.887544 1.30856
0.888256 1.30758
0.888968 1.30763
0.88968 1.30907
0.890391 1.31037
0.891103 1.31013
0.891815 1.3128
0.892527 1.31041
0.893238 1.31062
0.89395 1.31071
0.894662 1.31771
0.895374 1.31504
0.896085 1.3158
0.896797 1.31576
0.897509 1.31635
0.898221 1.31422
0.898932 1.3149
0.899644 1.31506
0.900356 1.31555
0.901068 1.31851
0.901779 1.31857
0.902491 1.31853
0.903203 1.31974
0.903915 1.31982
0.904626 1.32124
0.905338 1.31743
0.90605 1.31936
0.906762 1.31904
0.907473 1.32028
0.908185 1.32083
0.908897 1.32049
0.909609 1.32061
0.91032 1.32077
0.911032 1.32382
0.911744 1.32415
0.912456 1.32559
0.913167 1.32522
0.913879 1.32634
0.914591 1.32805
0.915302 1.32806
0.916014 1.32868
0.916726 1.32871
0.917438 1.3323
0.918149 1.33248
0.918861 1.33205
0.919573 1.33209
0.920285 1.33182
0.920996 1.33298
0.921708 1.33213
0.92242 1.34031
0.923132 1.34123
0.923843 1.34314
0.924555 1.34321
0.925267 1.34376
0.925979 1.34153
0.92669 1.34325
0.927402 1.34321
0.928114 1.34688
0.928826 1.3458
0.929537 1.34603
0.930249 1.34487
0.930961 1.34493
0.931673 1.35356
0.932384 1.3544
0.933096 1.35284
0.933808 1.3535
0.93452 1.36198
0.935231 1.3628
0.935943 1.36283
0.936655 1.36331
0.937367 1.36457
0.938078 1.36517
0.93879 1.36488
0.939502 1.36513
0.940214 1.36571
0.940925 1.3665
0.941637 1.36561
0.942349 1.3666
0.94306 1.36581
0.943772 1.36649
0.944484 1.36696
0.945196 1.36759
0.945907 1.36926
0.946619 1.36942
0.947331 1.36925
0.948043 1.37059
0.948754 1.36991
0.949466 1.37019
0.950178 1.37048
0.95089 1.37057
0.951601 1.37623
0.952313 1.3775
0.953025 1.37634
0.953737 1.37651
0.954448 1.38134
0.95516 1.38152
0.955872 1.38035
0.956584 1.38093
0.957295 1.40228
0.958007 1.40262
0.958719 1.40224
0.959431 1.40292
0.960142 1.40488
0.960854 1.40653
0.961566 1.40494
0.962278 1.40566
0.962989 1.40871
0.963701 1.41376
0.964413 1.41469
0.965125 1.42196
0.965836 1.42643
0.966548 1.43268
0.96726 1.43282
0.967972 1.43379
0.968683 1.43428
0.969395 1.43573
0.970107 1.43341
0.970819 1.43343
0.97153 1.43114
0.972242 1.43138
0.972954 1.43127
0.973665 1.43777
0.974377 1.46081
0.975089 1.46072
0.975801 1.46095
0.976512 1.46099
0.977224 1.4632
0.977936 1.46361
0.978648 1.46391
0.979359 1.46325
0.980071 1.59517
0.980783 1.5992
0.981495 1.60202
0.982206 1.60788
0.982918 1.62332
0.98363 1.62484
0.984342 1.62572
0.985053 1.62778
0.985765 1.63002
0.986477 1.62951
0.987189 1.63043
0.9879 1.62984
0.988612 1.70368
0.989324 1.70373
0.990036 1.70375
0.990747 1.7038
0.991459 1.72798
0.992171 1.75982
0.992883 1.76623
0.993594 1.76695
0.994306 1.77394
0.995018 1.76964
0.99573 1.77134
0.996441 1.77652
0.997153 1.79087
0.997865 1.79492
0.998577 1.80535
0.999288 1.81254
